The result as follows
position     rou     u     p
0  3.857  2.629  10.333
0.005  3.857  2.629  10.333
0.01  3.857  2.629  10.333
0.015  3.857  2.629  10.333
0.02  3.857  2.629  10.333
0.025  3.857  2.629  10.333
0.03  3.857  2.629  10.333
0.035  3.857  2.629  10.333
0.04  3.857  2.629  10.333
0.045  3.857  2.629  10.333
0.05  3.857  2.629  10.333
0.055  3.857  2.629  10.333
0.06  3.857  2.629  10.333
0.065  3.857  2.629  10.333
0.07  3.857  2.629  10.333
0.075  3.857  2.629  10.333
0.08  3.857  2.629  10.333
0.085  3.857  2.629  10.333
0.09  3.857  2.629  10.333
0.095  3.857  2.629  10.333
0.1  3.857  2.629  10.333
0.105  3.857  2.629  10.333
0.11  3.857  2.629  10.333
0.115  3.857  2.629  10.333
0.12  3.857  2.629  10.333
0.125  3.857  2.629  10.333
0.13  3.857  2.629  10.333
0.135  3.857  2.629  10.333
0.14  3.857  2.629  10.333
0.145  3.857  2.629  10.333
0.15  3.857  2.629  10.333
0.155  3.857  2.629  10.333
0.16  3.857  2.629  10.333
0.165  3.857  2.629  10.333
0.17  3.857  2.629  10.333
0.175  3.857  2.629  10.333
0.18  3.857  2.629  10.333
0.185  3.857  2.629  10.333
0.19  3.857  2.629  10.333
0.195  3.857  2.629  10.333
0.2  3.857  2.629  10.333
0.205  3.857  2.629  10.333
0.21  3.857  2.629  10.333
0.215  3.857  2.629  10.333
0.22  3.857  2.629  10.333
0.225  3.857  2.629  10.333
0.23  3.857  2.629  10.333
0.235  3.857  2.629  10.333
0.24  3.857  2.629  10.333
0.245  3.857  2.629  10.333
0.25  3.857  2.629  10.333
0.255  3.857  2.629  10.333
0.26  3.857  2.629  10.333
0.265  3.857  2.629  10.333
0.27  3.857  2.629  10.333
0.275  3.857  2.629  10.333
0.28  3.857  2.629  10.333
0.285  3.857  2.629  10.333
0.29  3.857  2.629  10.333
0.295  3.857  2.629  10.333
0.3  3.857  2.629  10.333
0.305  3.857  2.629  10.333
0.31  3.857  2.629  10.333
0.315  3.857  2.629  10.333
0.32  3.857  2.629  10.333
0.325  3.857  2.629  10.333
0.33  3.857  2.629  10.333
0.335  3.857  2.629  10.333
0.34  3.857  2.629  10.333
0.345  3.857  2.629  10.333
0.35  3.857  2.629  10.333
0.355  3.857  2.629  10.333
0.36  3.857  2.629  10.333
0.365  3.857  2.629  10.333
0.37  3.857  2.629  10.333
0.375  3.857  2.629  10.333
0.38  3.857  2.629  10.333
0.385  3.857  2.629  10.333
0.39  3.857  2.629  10.333
0.395  3.857  2.629  10.333
0.4  3.857  2.629  10.333
0.405  3.857  2.629  10.333
0.41  3.857  2.629  10.333
0.415  3.857  2.629  10.333
0.42  3.857  2.629  10.333
0.425  3.857  2.629  10.333
0.43  3.857  2.629  10.333
0.435  3.857  2.629  10.333
0.44  3.857  2.629  10.333
0.445  3.857  2.629  10.333
0.45  3.857  2.629  10.333
0.455  3.857  2.629  10.333
0.46  3.857  2.629  10.333
0.465  3.857  2.629  10.333
0.47  3.857  2.629  10.333
0.475  3.857  2.629  10.333
0.48  3.857  2.629  10.333
0.485  3.857  2.629  10.333
0.49  3.857  2.629  10.333
0.495  3.857  2.629  10.333
0.5  3.857  2.629  10.333
0.505  3.857  2.629  10.333
0.51  3.857  2.629  10.333
0.515  3.857  2.629  10.333
0.52  3.857  2.629  10.333
0.525  3.857  2.629  10.333
0.53  3.857  2.629  10.333
0.535  3.857  2.629  10.333
0.54  3.857  2.629  10.333
0.545  3.857  2.629  10.333
0.55  3.857  2.629  10.333
0.555  3.857  2.629  10.333
0.56  3.857  2.629  10.333
0.565  3.857  2.629  10.333
0.57  3.857  2.629  10.333
0.575  3.857  2.629  10.333
0.58  3.857  2.629  10.333
0.585  3.857  2.629  10.333
0.59  3.857  2.629  10.333
0.595  3.857  2.629  10.333
0.6  3.857  2.629  10.333
0.605  3.857  2.629  10.333
0.61  3.857  2.629  10.333
0.615  3.857  2.629  10.333
0.62  3.857  2.629  10.333
0.625  3.857  2.629  10.333
0.63  3.857  2.629  10.333
0.635  3.857  2.629  10.333
0.64  3.857  2.629  10.333
0.645  3.857  2.629  10.333
0.65  3.857  2.629  10.333
0.655  3.857  2.629  10.333
0.66  3.857  2.629  10.333
0.665  3.857  2.629  10.333
0.67  3.857  2.629  10.333
0.675  3.857  2.629  10.333
0.68  3.857  2.629  10.333
0.685  3.857  2.629  10.333
0.69  3.857  2.629  10.333
0.695  3.857  2.629  10.333
0.7  3.857  2.629  10.333
0.705  3.857  2.629  10.333
0.71  3.857  2.629  10.333
0.715  3.857  2.629  10.333
0.72  3.857  2.629  10.333
0.725  3.857  2.629  10.333
0.73  3.857  2.629  10.333
0.735  3.857  2.629  10.333
0.74  3.857  2.629  10.333
0.745  3.857  2.629  10.333
0.75  3.857  2.629  10.333
0.755  3.857  2.629  10.333
0.76  3.857  2.629  10.333
0.765  3.857  2.629  10.333
0.77  3.857  2.629  10.333
0.775  3.857  2.629  10.333
0.78  3.857  2.629  10.333
0.785  3.857  2.629  10.333
0.79  3.857  2.629  10.333
0.795  3.857  2.629  10.333
0.8  3.857  2.629  10.333
0.805  3.857  2.629  10.333
0.81  3.857  2.629  10.333
0.815  3.857  2.629  10.333
0.82  3.857  2.629  10.333
0.825  3.857  2.629  10.333
0.83  3.857  2.629  10.333
0.835  3.857  2.629  10.333
0.84  3.857  2.629  10.333
0.845  3.857  2.629  10.333
0.85  3.857  2.629  10.333
0.855  3.857  2.629  10.333
0.86  3.857  2.629  10.333
0.865  3.857  2.629  10.333
0.87  3.857  2.629  10.333
0.875  3.857  2.629  10.333
0.88  3.857  2.629  10.333
0.885  3.857  2.629  10.333
0.89  3.857  2.629  10.333
0.895  3.857  2.629  10.333
0.9  3.857  2.629  10.333
0.905  3.857  2.629  10.333
0.91  3.857  2.629  10.333
0.915  3.857  2.629  10.333
0.92  3.857  2.629  10.333
0.925  3.857  2.629  10.333
0.93  3.857  2.629  10.333
0.935  3.857  2.629  10.333
0.94  3.857  2.629  10.333
0.945  3.857  2.629  10.333
0.95  3.857  2.629  10.333
0.955  3.857  2.629  10.333
0.96  3.857  2.629  10.333
0.965  3.857  2.629  10.333
0.97  3.857  2.629  10.333
0.975  3.857  2.629  10.333
0.98  3.857  2.629  10.333
0.985  3.857  2.629  10.333
0.99  3.857  2.629  10.333
0.995  3.857  2.629  10.333
1  3.857  2.629  10.333
1.005  3.857  2.629  10.333
1.01  3.857  2.629  10.333
1.015  3.857  2.629  10.333
1.02  3.857  2.629  10.333
1.025  3.857  2.629  10.333
1.03  3.857  2.629  10.333
1.035  3.857  2.629  10.333
1.04  3.857  2.629  10.333
1.045  3.857  2.629  10.333
1.05  3.857  2.629  10.333
1.055  3.857  2.629  10.333
1.06  3.857  2.629  10.333
1.065  3.857  2.629  10.333
1.07  3.857  2.629  10.333
1.075  3.857  2.629  10.333
1.08  3.857  2.629  10.333
1.085  3.857  2.629  10.333
1.09  3.857  2.629  10.333
1.095  3.857  2.629  10.333
1.1  3.857  2.629  10.333
1.105  3.857  2.629  10.333
1.11  3.857  2.629  10.333
1.115  3.857  2.629  10.333
1.12  3.857  2.629  10.333
1.125  3.857  2.629  10.333
1.13  3.857  2.629  10.333
1.135  3.857  2.629  10.333
1.14  3.857  2.629  10.333
1.145  3.857  2.629  10.333
1.15  3.857  2.629  10.333
1.155  3.857  2.629  10.333
1.16  3.857  2.629  10.333
1.165  3.857  2.629  10.333
1.17  3.857  2.629  10.333
1.175  3.857  2.629  10.333
1.18  3.857  2.629  10.333
1.185  3.857  2.629  10.333
1.19  3.857  2.629  10.333
1.195  3.857  2.629  10.333
1.2  3.857  2.629  10.333
1.205  3.857  2.629  10.333
1.21  3.857  2.629  10.333
1.215  3.857  2.629  10.333
1.22  3.857  2.629  10.333
1.225  3.857  2.629  10.333
1.23  3.857  2.629  10.333
1.235  3.857  2.629  10.333
1.24  3.857  2.629  10.333
1.245  3.857  2.629  10.333
1.25  3.857  2.629  10.333
1.255  3.857  2.629  10.333
1.26  3.857  2.629  10.333
1.265  3.857  2.629  10.333
1.27  3.857  2.629  10.333
1.275  3.857  2.629  10.333
1.28  3.857  2.629  10.333
1.285  3.857  2.629  10.333
1.29  3.857  2.629  10.333
1.295  3.857  2.629  10.333
1.3  3.857  2.629  10.333
1.305  3.857  2.629  10.333
1.31  3.857  2.629  10.333
1.315  3.857  2.629  10.333
1.32  3.857  2.629  10.333
1.325  3.857  2.629  10.333
1.33  3.857  2.629  10.333
1.335  3.857  2.629  10.333
1.34  3.857  2.629  10.333
1.345  3.857  2.629  10.333
1.35  3.857  2.629  10.333
1.355  3.857  2.629  10.333
1.36  3.857  2.629  10.333
1.365  3.857  2.629  10.333
1.37  3.857  2.629  10.333
1.375  3.857  2.629  10.333
1.38  3.85699  2.629  10.333
1.385  3.857  2.629  10.333
1.39  3.85701  2.629  10.333
1.395  3.85701  2.629  10.333
1.4  3.85699  2.629  10.333
1.405  3.85699  2.62901  10.3329
1.41  3.857  2.629  10.333
1.415  3.85702  2.62899  10.3331
1.42  3.85702  2.62899  10.3331
1.425  3.85699  2.629  10.333
1.43  3.85697  2.62902  10.3329
1.435  3.85698  2.62901  10.3329
1.44  3.85702  2.62899  10.3331
1.445  3.85706  2.62897  10.3332
1.45  3.85703  2.62898  10.3331
1.455  3.85694  2.62903  10.3328
1.46  3.85689  2.62906  10.3326
1.465  3.85695  2.62903  10.3328
1.47  3.8571  2.62895  10.3334
1.475  3.85721  2.62889  10.3338
1.48  3.85713  2.62893  10.3335
1.485  3.85688  2.62906  10.3325
1.49  3.85665  2.62918  10.3316
1.495  3.85669  2.62916  10.3317
1.5  3.85704  2.62898  10.3332
1.505  3.85751  2.62874  10.335
1.51  3.85767  2.62865  10.3356
1.515  3.85728  2.62886  10.3341
1.52  3.85646  2.62927  10.3308
1.525  3.85579  2.62962  10.3283
1.53  3.85593  2.62955  10.3288
1.535  3.85702  2.62899  10.3332
1.54  3.85863  2.62818  10.3393
1.545  3.85966  2.62763  10.3433
1.55  3.85919  2.62788  10.3415
1.555  3.85699  2.62901  10.3329
1.56  3.85385  2.63058  10.3211
1.565  3.85161  2.63176  10.3122
1.57  3.85187  2.63163  10.3132
1.575  3.85547  2.62978  10.3272
1.58  3.86151  2.62673  10.3501
1.585  3.86782  2.62355  10.3739
1.59  3.8722  2.62133  10.3905
1.595  3.87344  2.62075  10.3949
1.6  3.87139  2.62179  10.387
1.605  3.86674  2.62412  10.3695
1.61  3.86034  2.62734  10.3454
1.615  3.85284  2.6311  10.3173
1.62  3.84472  2.63518  10.2869
1.625  3.83628  2.63943  10.2553
1.63  3.82768  2.64377  10.2232
1.635  3.819  2.64816  10.1907
1.64  3.81027  2.65258  10.1581
1.645  3.80152  2.65702  10.1255
1.65  3.79276  2.66147  10.0929
1.655  3.78398  2.66594  10.0602
1.66  3.7752  2.67043  10.0275
1.665  3.7664  2.67493  9.99479
1.67  3.75759  2.67944  9.9621
1.675  3.74878  2.68396  9.92941
1.68  3.73997  2.68849  9.89675
1.685  3.73117  2.69302  9.86416
1.69  3.72239  2.69755  9.83168
1.695  3.71366  2.70207  9.79941
1.7  3.70501  2.70655  9.76746
1.705  3.69648  2.71098  9.73599
1.71  3.68812  2.71532  9.70519
1.715  3.67998  2.71956  9.6752
1.72  3.67206  2.72369  9.64608
1.725  3.66429  2.72775  9.61755
1.73  3.65651  2.73183  9.58898
1.735  3.64852  2.73602  9.55964
1.74  3.6402  2.74039  9.52913
1.745  3.63172  2.74486  9.49797
1.75  3.62369  2.7491  9.4685
1.755  3.61744  2.75243  9.44543
1.76  3.61464  2.75394  9.43488
1.765  3.61651  2.75291  9.44218
1.77  3.62309  2.74939  9.46646
1.775  3.63262  2.74436  9.50179
1.78  3.64259  2.73908  9.53805
1.785  3.65036  2.73504  9.56693
1.79  3.65575  2.73226  9.58601
1.795  3.66142  2.7294  9.60561
1.8  3.67043  2.72474  9.63824
1.805  3.68604  2.7165  9.69663
1.81  3.70957  2.70418  9.78435
1.815  3.73878  2.68905  9.89288
1.82  3.77089  2.67259  10.0119
1.825  3.80515  2.65518  10.139
1.83  3.84162  2.63673  10.2754
1.835  3.87879  2.61804  10.4153
1.84  3.91322  2.60087  10.5452
1.845  3.94161  2.58683  10.6522
1.85  3.96285  2.57642  10.7322
1.855  3.97811  2.56897  10.7898
1.86  3.98949  2.56341  10.833
1.865  3.99869  2.5589  10.8681
1.87  4.00678  2.55494  10.899
1.875  4.01429  2.55128  10.9277
1.88  4.02141  2.54782  10.9549
1.885  4.02818  2.54453  10.9807
1.89  4.03455  2.54144  11.0051
1.895  4.04044  2.53859  11.0276
1.9  4.04581  2.53599  11.0481
1.905  4.05064  2.53366  11.0666
1.91  4.05498  2.53157  11.0831
1.915  4.05888  2.52968  11.0981
1.92  4.0624  2.52799  11.1115
1.925  4.06557  2.52646  11.1237
1.93  4.06843  2.52509  11.1346
1.935  4.07098  2.52386  11.1444
1.94  4.07324  2.52277  11.1531
1.945  4.07524  2.52181  11.1607
1.95  4.07699  2.52097  11.1675
1.955  4.07851  2.52024  11.1733
1.96  4.07977  2.51964  11.1781
1.965  4.08079  2.51915  11.182
1.97  4.08157  2.51877  11.185
1.975  4.08212  2.51851  11.1871
1.98  4.08248  2.51834  11.1885
1.985  4.08265  2.51826  11.1891
1.99  4.08265  2.51826  11.1891
1.995  4.08248  2.51834  11.1885
2  4.08216  2.51849  11.1872
2.005  4.08168  2.51872  11.1854
2.01  4.08107  2.51902  11.1831
2.015  4.08033  2.51937  11.1802
2.02  4.07945  2.51979  11.1769
2.025  4.07844  2.52028  11.173
2.03  4.07727  2.52084  11.1685
2.035  4.07594  2.52148  11.1634
2.04  4.07444  2.5222  11.1576
2.045  4.07275  2.52301  11.1512
2.05  4.0709  2.5239  11.1441
2.055  4.06888  2.52487  11.1363
2.06  4.06672  2.52591  11.1281
2.065  4.06445  2.52701  11.1194
2.07  4.06208  2.52815  11.1103
2.075  4.05964  2.52932  11.101
2.08  4.05714  2.53053  11.0914
2.085  4.05458  2.53176  11.0816
2.09  4.05197  2.53302  11.0716
2.095  4.04932  2.5343  11.0615
2.1  4.04666  2.53559  11.0513
2.105  4.044  2.53687  11.0411
2.11  4.04136  2.53815  11.031
2.115  4.03874  2.53942  11.021
2.12  4.03612  2.54069  11.011
2.125  4.03346  2.54197  11.0009
2.13  4.03072  2.5433  10.9904
2.135  4.02785  2.54469  10.9795
2.14  4.02482  2.54616  10.9679
2.145  4.02159  2.54773  10.9556
2.15  4.01814  2.54941  10.9424
2.155  4.01445  2.5512  10.9283
2.16  4.01058  2.55308  10.9136
2.165  4.0066  2.55502  10.8984
2.17  4.00263  2.55696  10.8833
2.175  3.99877  2.55884  10.8686
2.18  3.99508  2.56064  10.8546
2.185  3.99155  2.56236  10.8411
2.19  3.98808  2.56406  10.828
2.195  3.98457  2.56577  10.8146
2.2  3.98091  2.56756  10.8007
2.205  3.97707  2.56945  10.7861
2.21  3.97306  2.57141  10.7709
2.215  3.96893  2.57344  10.7552
2.22  3.96475  2.57549  10.7394
2.225  3.96055  2.57755  10.7235
2.23  3.95634  2.57963  10.7075
2.235  3.9521  2.58171  10.6915
2.24  3.94783  2.58382  10.6753
2.245  3.94351  2.58595  10.6589
2.25  3.93914  2.5881  10.6424
2.255  3.93474  2.59028  10.6257
2.26  3.93031  2.59246  10.609
2.265  3.92586  2.59466  10.5922
2.27  3.92139  2.59688  10.5753
2.275  3.9169  2.59911  10.5584
2.28  3.91237  2.60135  10.5413
2.285  3.90781  2.60362  10.5241
2.29  3.90322  2.6059  10.5068
2.295  3.8986  2.6082  10.4894
2.3  3.89395  2.61052  10.4719
2.305  3.88927  2.61285  10.4543
2.31  3.88457  2.61519  10.4366
2.315  3.87984  2.61756  10.4188
2.32  3.87509  2.61993  10.4009
2.325  3.87032  2.62232  10.383
2.33  3.86554  2.62471  10.3651
2.335  3.86074  2.62712  10.3471
2.34  3.85594  2.62953  10.329
2.345  3.85112  2.63195  10.311
2.35  3.84629  2.63438  10.2929
2.355  3.84145  2.63682  10.2747
2.36  3.83659  2.63927  10.2565
2.365  3.83172  2.64173  10.2383
2.37  3.82683  2.64419  10.22
2.375  3.82194  2.64667  10.2017
2.38  3.81703  2.64915  10.1834
2.385  3.81212  2.65164  10.1651
2.39  3.8072  2.65413  10.1467
2.395  3.80229  2.65663  10.1284
2.4  3.79738  2.65912  10.1101
2.405  3.79247  2.66162  10.0918
2.41  3.78757  2.66411  10.0736
2.415  3.78268  2.66661  10.0554
2.42  3.7778  2.6691  10.0372
2.425  3.77292  2.67159  10.019
2.43  3.76804  2.67408  10.0009
2.435  3.76318  2.67657  9.98284
2.44  3.75833  2.67906  9.96483
2.445  3.7535  2.68154  9.9469
2.45  3.74869  2.68401  9.92906
2.455  3.7439  2.68647  9.91132
2.46  3.73914  2.68892  9.89367
2.465  3.7344  2.69135  9.87614
2.47  3.7297  2.69378  9.85872
2.475  3.72503  2.69619  9.84144
2.48  3.72039  2.69858  9.82431
2.485  3.7158  2.70096  9.80734
2.49  3.71126  2.70331  9.79056
2.495  3.70677  2.70564  9.77396
2.5  3.70233  2.70794  9.75758
2.505  3.69795  2.71021  9.74141
2.51  3.69362  2.71246  9.72548
2.515  3.68937  2.71467  9.70978
2.52  3.68517  2.71686  9.69433
2.525  3.68104  2.71901  9.67913
2.53  3.67698  2.72113  9.66417
2.535  3.67298  2.72321  9.64947
2.54  3.66905  2.72526  9.63503
2.545  3.6652  2.72728  9.62086
2.55  3.66142  2.72926  9.60698
2.555  3.65772  2.7312  9.59338
2.56  3.6541  2.73309  9.5801
2.565  3.65058  2.73494  9.56716
2.57  3.64716  2.73673  9.55463
2.575  3.64388  2.73846  9.54261
2.58  3.64076  2.74009  9.53118
2.585  3.63783  2.74164  9.52043
2.59  3.63507  2.74309  9.51034
2.595  3.63248  2.74445  9.50084
2.6  3.62999  2.74576  9.49173
2.605  3.62755  2.74705  9.48279
2.61  3.62509  2.74835  9.47379
2.615  3.62256  2.74968  9.46455
2.62  3.61996  2.75106  9.45503
2.625  3.61729  2.75247  9.44526
2.63  3.61459  2.7539  9.43539
2.635  3.61192  2.75531  9.42564
2.64  3.60935  2.75667  9.41623
2.645  3.60692  2.75796  9.40736
2.65  3.60468  2.75914  9.39919
2.655  3.60267  2.76021  9.39184
2.66  3.6009  2.76115  9.38537
2.665  3.59938  2.76196  9.37985
2.67  3.59814  2.76262  9.37531
2.675  3.59718  2.76313  9.3718
2.68  3.59651  2.76348  9.36938
2.685  3.59615  2.76367  9.36806
2.69  3.5961  2.76369  9.3679
2.695  3.59641  2.76353  9.36901
2.7  3.59711  2.76316  9.37156
2.705  3.59825  2.76256  9.37571
2.71  3.59987  2.7617  9.38164
2.715  3.60201  2.76056  9.38945
2.72  3.6047  2.75914  9.39926
2.725  3.60795  2.75741  9.41113
2.73  3.61177  2.75539  9.42511
2.735  3.6162  2.75305  9.44128
2.74  3.62128  2.75036  9.45985
2.745  3.62706  2.74731  9.481
2.75  3.63356  2.74388  9.50483
2.755  3.64082  2.74006  9.53142
2.76  3.64888  2.73583  9.56094
2.765  3.65773  2.73119  9.59345
2.77  3.66738  2.72614  9.6289
2.775  3.67783  2.72068  9.66734
2.78  3.68908  2.71482  9.70875
2.785  3.70099  2.70863  9.7527
2.79  3.71341  2.70219  9.79855
2.795  3.72623  2.69556  9.84593
2.8  3.7394  2.68878  9.89467
2.805  3.75275  2.68191  9.94419
2.81  3.76609  2.67508  9.99371
2.815  3.77941  2.66828  10.0431
2.82  3.7928  2.66145  10.093
2.825  3.80628  2.6546  10.1433
2.83  3.81971  2.64779  10.1935
2.835  3.83312  2.64103  10.2435
2.84  3.8468  2.63414  10.2947
2.845  3.86099  2.627  10.3479
2.85  3.87548  2.61973  10.4025
2.855  3.88975  2.6126  10.4562
2.86  3.90349  2.60577  10.5078
2.865  3.91678  2.59917  10.5579
2.87  3.92978  2.59273  10.607
2.875  3.94231  2.58653  10.6544
2.88  3.95388  2.58082  10.6983
2.885  3.96407  2.57581  10.7369
2.89  3.97285  2.57152  10.7701
2.895  3.98059  2.56773  10.7995
2.9  3.98778  2.56421  10.8268
2.905  3.99471  2.56082  10.8532
2.91  4.00141  2.55754  10.8787
2.915  4.0078  2.55443  10.9031
2.92  4.01383  2.5515  10.926
2.925  4.01951  2.54874  10.9476
2.93  4.02491  2.54612  10.9683
2.935  4.0301  2.5436  10.988
2.94  4.03506  2.5412  11.007
2.945  4.03978  2.53892  11.025
2.95  4.04421  2.53678  11.0419
2.955  4.04835  2.53478  11.0577
2.96  4.05221  2.53292  11.0724
2.965  4.05581  2.53118  11.0862
2.97  4.05917  2.52956  11.0991
2.975  4.06228  2.52806  11.111
2.98  4.06516  2.52668  11.122
2.985  4.0678  2.52541  11.1321
2.99  4.07022  2.52425  11.1413
2.995  4.07243  2.5232  11.1497
3  4.07443  2.52225  11.1573
3.005  4.07623  2.5214  11.1641
3.01  4.07782  2.52065  11.1701
3.015  4.0792  2.51999  11.1753
3.02  4.08038  2.51943  11.1798
3.025  4.08135  2.51896  11.1835
3.03  4.08211  2.51859  11.1865
3.035  4.08266  2.51832  11.1886
3.04  4.08302  2.51814  11.1901
3.045  4.0832  2.51805  11.1908
3.05  4.08321  2.51804  11.1909
3.055  4.08307  2.51812  11.1903
3.06  4.08276  2.51828  11.1889
3.065  4.08224  2.51854  11.1869
3.07  4.08152  2.51888  11.1842
3.075  4.08062  2.51929  11.1809
3.08  4.07959  2.51977  11.1771
3.085  4.07844  2.52031  11.1728
3.09  4.07717  2.52092  11.1679
3.095  4.07575  2.52161  11.1624
3.1  4.0742  2.52236  11.1564
3.105  4.07253  2.52317  11.15
3.11  4.07073  2.52401  11.1432
3.115  4.06879  2.52492  11.136
3.12  4.06668  2.52589  11.1282
3.125  4.06441  2.52696  11.1198
3.13  4.06193  2.52812  11.1105
3.135  4.05926  2.5294  11.1003
3.14  4.05637  2.5308  11.0893
3.145  4.05329  2.53229  11.0775
3.15  4.05008  2.53385  11.0651
3.155  4.04674  2.53546  11.0523
3.16  4.04332  2.53712  11.0392
3.165  4.03981  2.53882  11.0257
3.17  4.03625  2.54057  11.012
3.175  4.03266  2.54233  10.9981
3.18  4.02913  2.54407  10.9844
3.185  4.02571  2.54576  10.9711
3.19  4.02239  2.5474  10.9582
3.195  4.01912  2.54901  10.9455
3.2  4.01578  2.55067  10.9325
3.205  4.01225  2.55242  10.9188
3.21  4.00842  2.55432  10.904
3.215  4.0042  2.55641  10.8876
3.22  3.99958  2.55869  10.8698
3.225  3.99464  2.56113  10.8508
3.23  3.98952  2.56365  10.8312
3.235  3.98441  2.5661  10.8121
3.24  3.97944  2.56839  10.7944
3.245  3.97456  2.57052  10.7779
3.25  3.96961  2.57263  10.7615
3.255  3.96452  2.57487  10.7442
3.26  3.9594  2.57729  10.7255
3.265  3.95446  2.57984  10.7059
3.27  3.94978  2.58246  10.6858
3.275  3.94523  2.58505  10.6659
3.28  3.9404  2.58762  10.6462
3.285  3.9345  2.59023  10.6262
3.29  3.92651  2.59292  10.6058
3.295  3.91529  2.59567  10.5848
3.3  3.90011  2.59844  10.5636
3.305  3.88116  2.60121  10.5426
3.31  3.85904  2.60399  10.5217
3.315  3.83357  2.60681  10.5007
3.32  3.8028  2.60969  10.4796
3.325  3.76307  2.61263  10.4583
3.33  3.71138  2.61556  10.4368
3.335  3.64881  2.61848  10.4151
3.34  3.58107  2.62149  10.3941
3.345  3.51601  2.62451  10.3732
3.35  3.46195  2.6275  10.3521
3.355  3.42624  2.63062  10.3321
3.36  3.40995  2.63375  10.312
3.365  3.40708  2.63682  10.2913
3.37  3.41375  2.63993  10.2706
3.375  3.42822  2.64307  10.2496
3.38  3.44899  2.64622  10.2284
3.385  3.47492  2.64939  10.2071
3.39  3.50561  2.65256  10.1854
3.395  3.5417  2.65573  10.1634
3.4  3.58466  2.65892  10.1412
3.405  3.6358  2.66211  10.1187
3.41  3.69509  2.6653  10.0959
3.415  3.76079  2.6685  10.0728
3.42  3.82961  2.67167  10.0494
3.425  3.89759  2.67482  10.0254
3.43  3.9609  2.67798  10.0013
3.435  4.01625  2.68112  9.9767
3.44  4.06189  2.68421  9.95168
3.445  4.09835  2.68733  9.9269
3.45  4.12752  2.6904  9.90203
3.455  4.15134  2.69342  9.87715
3.46  4.17072  2.69647  9.85289
3.465  4.18451  2.69947  9.82866
3.47  4.19112  2.70234  9.80408
3.475  4.19218  2.70522  9.78032
3.48  4.18978  2.70805  9.75693
3.485  4.18481  2.71082  9.734
3.49  4.1779  2.71352  9.71155
3.495  4.16962  2.71616  9.68959
3.5  4.16039  2.71873  9.66819
3.505  4.1504  2.72125  9.64732
3.51  4.13963  2.72371  9.62697
3.515  4.12793  2.72609  9.60721
3.52  4.11505  2.72841  9.58806
3.525  4.10059  2.73065  9.56958
3.53  4.0839  2.7328  9.55181
3.535  4.06392  2.73487  9.53478
3.54  4.03942  2.73683  9.51861
3.545  4.00947  2.73864  9.50349
3.55  3.97403  2.7403  9.48958
3.555  3.934  2.74181  9.47699
3.56  3.89073  2.7432  9.46542
3.565  3.84558  2.74455  9.45438
3.57  3.79953  2.7459  9.44346
3.575  3.75297  2.74733  9.43218
3.58  3.7058  2.74884  9.42047
3.585  3.65775  2.7504  9.40863
3.59  3.60862  2.75196  9.39686
3.595  3.55871  2.75347  9.3857
3.6  3.5087  2.75483  9.37563
3.605  3.45953  2.75607  9.36665
3.61  3.41223  2.75714  9.35895
3.615  3.36769  2.75803  9.35263
3.62  3.32651  2.75879  9.34734
3.625  3.28906  2.75937  9.34322
3.63  3.25538  2.75979  9.34049
3.635  3.22522  2.76006  9.33859
3.64  3.19838  2.76017  9.33785
3.645  3.17478  2.76009  9.33838
3.65  3.15442  2.75987  9.33973
3.655  3.13784  2.7595  9.34221
3.66  3.12582  2.7589  9.34625
3.665  3.11865  2.75814  9.35138
3.67  3.11583  2.7572  9.3578
3.675  3.11626  2.75601  9.36585
3.68  3.11889  2.75466  9.37493
3.685  3.1232  2.75317  9.38493
3.69  3.12908  2.75147  9.39635
3.695  3.13644  2.74962  9.40875
3.7  3.14548  2.74767  9.42195
3.705  3.15675  2.74547  9.43684
3.71  3.17077  2.74311  9.45301
3.715  3.18854  2.74066  9.46983
3.72  3.21176  2.73796  9.48843
3.725  3.24208  2.73506  9.50869
3.73  3.28057  2.73216  9.52925
3.735  3.32806  2.72909  9.55108
3.74  3.38465  2.72575  9.57522
3.745  3.44941  2.72242  9.59966
3.75  3.52145  2.71903  9.62496
3.755  3.59965  2.71524  9.65371
3.76  3.68107  2.71144  9.68316
3.765  3.76252  2.70782  9.71181
3.77  3.84189  2.70384  9.74373
3.775  3.91629  2.69954  9.7785
3.78  3.9827  2.69565  9.81082
3.785  4.04134  2.69172  9.84349
3.79  4.09406  2.68722  9.88144
3.795  4.14059  2.68288  9.91839
3.8  4.18134  2.67916  9.95075
3.805  4.21827  2.67507  9.9865
3.81  4.25117  2.67033  10.0271
3.815  4.27727  2.66609  10.0644
3.82  4.2963  2.66235  10.0973
3.825  4.31111  2.6581  10.134
3.83  4.32356  2.65346  10.1742
3.835  4.33378  2.64924  10.2111
3.84  4.34275  2.64527  10.2456
3.845  4.35157  2.64093  10.2832
3.85  4.35958  2.63638  10.3226
3.855  4.36544  2.63209  10.3594
3.86  4.36989  2.62787  10.3957
3.865  4.37332  2.62334  10.4348
3.87  4.37427  2.6187  10.4744
3.875  4.37119  2.61442  10.5113
3.88  4.3626  2.61036  10.5469
3.885  4.34553  2.60596  10.5839
3.89  4.31789  2.6013  10.6222
3.895  4.28167  2.59692  10.6582
3.9  4.2409  2.59312  10.6896
3.905  4.19889  2.58975  10.7177
3.91  4.1565  2.58636  10.7455
3.915  4.11253  2.58273  10.7747
3.92  4.06545  2.57893  10.8047
3.925  4.0149  2.57527  10.8331
3.93  3.96189  2.57202  10.8576
3.935  3.90818  2.56927  10.878
3.94  3.85517  2.56688  10.8956
3.945  3.80365  2.5646  10.912
3.95  3.75449  2.56227  10.9279
3.955  3.70919  2.55992  10.9444
3.96  3.66896  2.55757  10.9613
3.965  3.63378  2.55513  10.9775
3.97  3.60278  2.5528  10.9933
3.975  3.57508  2.55068  11.009
3.98  3.55035  2.54848  11.0221
3.985  3.53056  2.54629  11.0339
3.99  3.51875  2.5446  11.0488
3.995  3.51336  2.54264  11.0609
4  3.51205  2.5405  11.0714
4.005  3.51489  2.53892  11.0856
4.01  3.51958  2.5373  11.0994
4.015  3.52311  2.53458  11.1038
4.02  3.52766  2.53245  11.1102
4.025  3.53991  2.53211  11.1275
4.03  3.5559  2.5312  11.139
4.035  3.56957  2.52886  11.1392
4.04  3.58818  2.52692  11.1413
4.045  3.62193  2.52629  11.1516
4.05  3.66746  2.52656  11.1678
4.055  3.71787  2.52535  11.1716
4.06  3.77396  2.5228  11.1642
4.065  3.84502  2.52235  11.1718
4.07  3.9323  2.52376  11.1929
4.075  4.02134  2.52169  11.1847
4.08  4.10697  2.51845  11.1677
4.085  4.20073  2.52028  11.1892
4.09  4.29215  2.52443  11.2291
4.095  4.34272  2.51915  11.1898
4.1  4.36715  2.50846  11.1061
4.105  4.40959  2.51414  11.1568
4.11  4.51424  2.53444  11.3251
4.115  4.55712  2.52961  11.2812
4.12  4.48162  2.48873  10.9367
4.125  4.43851  2.4857  10.9146
4.13  4.60542  2.54905  11.4433
4.135  4.77863  2.56249  11.5449
4.14  4.61677  2.47104  10.7493
4.145  4.38862  2.42479  10.3781
4.15  4.62446  2.56719  11.578
4.155  5.11166  2.65501  12.3365
4.16  4.78552  2.46383  10.6128
4.165  4.02511  2.24141  8.91918
4.17  4.23521  2.54154  11.3085
4.175  5.77109  2.88568  14.5082
4.18  5.72254  2.53695  10.8878
4.185  2.70185  1.40605  4.26726
4.19  1.30843  0.15346  1.21831
4.195  1.17592  0.00514228  1.00715
4.2  1.16756  0.000105716  1.00028
4.205  1.16452  -1.9948e-05  0.999979
4.21  1.16164  -3.48602e-06  0.999995
4.215  1.15865  2.54349e-07  1
4.22  1.15556  7.52433e-08  1
4.225  1.15237  -3.03645e-09  1
4.23  1.14908  -1.5236e-09  1
4.235  1.1457  2.13685e-11  1
4.24  1.14223  3.04922e-11  1
4.245  1.13867  7.83567e-13  1
4.25  1.13503  -1.26866e-13  1
4.255  1.1313  4.44637e-13  1
4.26  1.12748  4.92575e-13  1
4.265  1.12359  4.9824e-13  1
4.27  1.11962  5.1332e-13  1
4.275  1.11558  5.29635e-13  1
4.28  1.11146  5.45777e-13  1
4.285  1.10728  5.61751e-13  1
4.29  1.10302  5.77364e-13  1
4.295  1.09871  5.93089e-13  1
4.3  1.09433  6.08478e-13  1
4.305  1.08989  6.2426e-13  1
4.31  1.0854  6.40115e-13  1
4.315  1.08085  6.56418e-13  1
4.32  1.07625  6.72223e-13  1
4.325  1.0716  6.87819e-13  1
4.33  1.06691  7.03084e-13  1
4.335  1.06218  7.1855e-13  1
4.34  1.05741  7.3339e-13  1
4.345  1.0526  7.48482e-13  1
4.35  1.04776  7.63906e-13  1
4.355  1.04289  7.79325e-13  1
4.36  1.038  7.9471e-13  1
4.365  1.03308  8.09571e-13  1
4.37  1.02814  8.24059e-13  1
4.375  1.02318  8.38751e-13  1
4.38  1.0182  8.52723e-13  1
4.385  1.01322  8.67305e-13  1
4.39  1.00823  8.80119e-13  1
4.395  1.00323  8.90561e-13  1
4.4  0.99823  9.02214e-13  1
4.405  0.993231  9.13141e-13  1
4.41  0.988237  9.24635e-13  1
4.415  0.983249  9.34368e-13  1
4.42  0.978273  9.43506e-13  1
4.425  0.97331  9.50674e-13  1
4.43  0.968363  9.58064e-13  1
4.435  0.963437  9.6518e-13  1
4.44  0.958533  9.71851e-13  1
4.445  0.953655  9.7825e-13  1
4.45  0.948806  9.85625e-13  1
4.455  0.943989  9.91983e-13  1
4.46  0.939207  9.97743e-13  1
4.465  0.934463  1.00138e-12  1
4.47  0.92976  1.00259e-12  1
4.475  0.925101  1.00362e-12  1
4.48  0.920489  1.00571e-12  1
4.485  0.915926  1.00566e-12  1
4.49  0.911416  1.00378e-12  1
4.495  0.906962  1.00042e-12  1
4.5  0.902565  9.97005e-13  1
4.505  0.898229  9.94207e-13  1
4.51  0.893957  9.91375e-13  1
4.515  0.889752  9.87193e-13  1
4.52  0.885615  9.78997e-13  1
4.525  0.88155  9.69586e-13  1
4.53  0.877558  9.61109e-13  1
4.535  0.873643  9.50107e-13  1
4.54  0.869808  9.37648e-13  1
4.545  0.866053  9.24134e-13  1
4.55  0.862382  9.10241e-13  1
4.555  0.858798  8.93787e-13  1
4.56  0.855301  8.75954e-13  1
4.565  0.851895  8.57692e-13  1
4.57  0.848581  8.39881e-13  1
4.575  0.845363  8.20841e-13  1
4.58  0.84224  7.99871e-13  1
4.585  0.839217  7.77533e-13  1
4.59  0.836294  7.54859e-13  1
4.595  0.833473  7.30538e-13  1
4.6  0.830756  7.07437e-13  1
4.605  0.828145  6.84303e-13  1
4.61  0.825641  6.6299e-13  1
4.615  0.823247  6.42181e-13  1
4.62  0.820963  6.2123e-13  1
4.625  0.81879  5.95516e-13  1
4.63  0.816731  5.66246e-13  1
4.635  0.814787  5.35249e-13  1
4.64  0.812958  5.02631e-13  1
4.645  0.811246  4.70865e-13  1
4.65  0.809652  4.38694e-13  1
4.655  0.808177  4.0838e-13  1
4.66  0.806822  3.77797e-13  1
4.665  0.805588  3.47758e-13  1
4.67  0.804475  3.17441e-13  1
4.675  0.803485  2.87664e-13  1
4.68  0.802617  2.57105e-13  1
4.685  0.801872  2.2615e-13  1
4.69  0.801252  1.96526e-13  1
4.695  0.800755  1.66672e-13  1
4.7  0.800384  1.36848e-13  1
4.705  0.800136  1.06378e-13  1
4.71  0.800014  7.5702e-14  1
4.715  0.800017  4.4741e-14  1
4.72  0.800145  1.42777e-14  1
4.725  0.800397  -1.83604e-14  1
4.73  0.800775  -4.96529e-14  1
4.735  0.801277  -7.94992e-14  1
4.74  0.801903  -1.09748e-13  1
4.745  0.802653  -1.39656e-13  1
4.75  0.803526  -1.69708e-13  1
4.755  0.804522  -1.99572e-13  1
4.76  0.80564  -2.29328e-13  1
4.765  0.80688  -2.58591e-13  1
4.77  0.80824  -2.87661e-13  1
4.775  0.809721  -3.15819e-13  1
4.78  0.81132  -3.42674e-13  1
4.785  0.813037  -3.69589e-13  1
4.79  0.814871  -3.97069e-13  1
4.795  0.81682  -4.24157e-13  1
4.8  0.818884  -4.51252e-13  1
4.805  0.821062  -4.78532e-13  1
4.81  0.823351  -5.05918e-13  1
4.815  0.82575  -5.33248e-13  1
4.82  0.828259  -5.60278e-13  1
4.825  0.830874  -5.87318e-13  1
4.83  0.833596  -6.14417e-13  1
4.835  0.836421  -6.41074e-13  1
4.84  0.839349  -6.67951e-13  1
4.845  0.842377  -6.94471e-13  1
4.85  0.845503  -7.21697e-13  1
4.855  0.848727  -7.50063e-13  1
4.86  0.852044  -7.78744e-13  1
4.865  0.855454  -8.03007e-13  1
4.87  0.858955  -8.25292e-13  1
4.875  0.862544  -8.43658e-13  1
4.88  0.866218  -8.60732e-13  1
4.885  0.869976  -8.77428e-13  1
4.89  0.873816  -8.93694e-13  1
4.895  0.877734  -9.10233e-13  1
4.9  0.881728  -9.26214e-13  1
4.905  0.885797  -9.40129e-13  1
4.91  0.889937  -9.51129e-13  1
4.915  0.894146  -9.62219e-13  1
4.92  0.898421  -9.73046e-13  1
4.925  0.902759  -9.83627e-13  1
4.93  0.907158  -9.93021e-13  1
4.935  0.911615  -1.00023e-12  1
4.94  0.916128  -1.00595e-12  1
4.945  0.920693  -1.0118e-12  1
4.95  0.925307  -1.0174e-12  1
4.955  0.929968  -1.02262e-12  1
4.96  0.934673  -1.02735e-12  1
4.965  0.939419  -1.03146e-12  1
4.97  0.944202  -1.03359e-12  1
4.975  0.949021  -1.03491e-12  1
4.98  0.953871  -1.0328e-12  1
4.985  0.95875  -1.02919e-12  1
4.99  0.963655  -1.02476e-12  1
4.995  0.968582  -1.01998e-12  1
5  0.97353  -1.01417e-12  1
5.005  0.978493  -1.00635e-12  1
5.01  0.983471  -9.97812e-13  1
5.015  0.988458  -9.89737e-13  1
5.02  0.993453  -9.80846e-13  1
5.025  0.998452  -9.71454e-13  1
5.03  1.00345  -9.61823e-13  1
5.035  1.00845  -9.49977e-13  1
5.04  1.01344  -9.36965e-13  1
5.045  1.01843  -9.2267e-13  1
5.05  1.0234  -9.09085e-13  1
5.055  1.02836  -8.95158e-13  1
5.06  1.0333  -8.8113e-13  1
5.065  1.03822  -8.6665e-13  1
5.07  1.04311  -8.52287e-13  1
5.075  1.04798  -8.37709e-13  1
5.08  1.05282  -8.22888e-13  1
5.085  1.05762  -8.0839e-13  1
5.09  1.06239  -7.93774e-13  1
5.095  1.06712  -7.78922e-13  1
5.1  1.07181  -7.64966e-13  1
5.105  1.07646  -7.49262e-13  1
5.11  1.08105  -7.32802e-13  1
5.115  1.0856  -7.15569e-13  1
5.12  1.09009  -6.98033e-13  1
5.125  1.09452  -6.79806e-13  1
5.13  1.0989  -6.61985e-13  1
5.135  1.10321  -6.44156e-13  1
5.14  1.10746  -6.25705e-13  1
5.145  1.11165  -6.07048e-13  1
5.15  1.11576  -5.87997e-13  1
5.155  1.1198  -5.68813e-13  1
5.16  1.12377  -5.50063e-13  1
5.165  1.12766  -5.31436e-13  1
5.17  1.13146  -5.13711e-13  1
5.175  1.13519  -4.95969e-13  1
5.18  1.13883  -4.78402e-13  1
5.185  1.14239  -4.6136e-13  1
5.19  1.14585  -4.44507e-13  1
5.195  1.14923  -4.29313e-13  1
5.2  1.15251  -4.14344e-13  1
5.205  1.1557  -3.98811e-13  1
5.21  1.15879  -3.83696e-13  1
5.215  1.16178  -3.68138e-13  1
5.22  1.16467  -3.51659e-13  1
5.225  1.16745  -3.34497e-13  1
5.23  1.17013  -3.1737e-13  1
5.235  1.17271  -3.00548e-13  1
5.24  1.17518  -2.84549e-13  1
5.245  1.17753  -2.69749e-13  1
5.25  1.17978  -2.55298e-13  1
5.255  1.18191  -2.39802e-13  1
5.26  1.18394  -2.23429e-13  1
5.265  1.18584  -2.0883e-13  1
5.27  1.18763  -1.95166e-13  1
5.275  1.1893  -1.81841e-13  1
5.28  1.19086  -1.68754e-13  1
5.285  1.19229  -1.55635e-13  1
5.29  1.19361  -1.42209e-13  1
5.295  1.1948  -1.29284e-13  1
5.3  1.19587  -1.1571e-13  1
5.305  1.19682  -1.02344e-13  1
5.31  1.19765  -8.84114e-14  1
5.315  1.19835  -7.26283e-14  1
5.32  1.19893  -5.65763e-14  1
5.325  1.19938  -4.19325e-14  1
5.33  1.19971  -2.83452e-14  1
5.335  1.19992  -1.35672e-14  1
5.34  1.2  1.26442e-15  1
5.345  1.19995  1.56023e-14  1
5.35  1.19978  2.92997e-14  1
5.355  1.19949  4.20337e-14  1
5.36  1.19907  5.47178e-14  1
5.365  1.19853  6.68775e-14  1
5.37  1.19786  7.96217e-14  1
5.375  1.19707  9.18889e-14  1
5.38  1.19615  1.04666e-13  1
5.385  1.19512  1.16632e-13  1
5.39  1.19396  1.29893e-13  1
5.395  1.19268  1.43049e-13  1
5.4  1.19128  1.55895e-13  1
5.405  1.18975  1.68462e-13  1
5.41  1.18812  1.81471e-13  1
5.415  1.18636  1.94514e-13  1
5.42  1.18449  2.07834e-13  1
5.425  1.1825  2.21453e-13  1
5.43  1.1804  2.35702e-13  1
5.435  1.17818  2.50663e-13  1
5.44  1.17585  2.65114e-13  1
5.445  1.17342  2.80481e-13  1
5.45  1.17087  2.95383e-13  1
5.455  1.16822  3.10125e-13  1
5.46  1.16547  3.24071e-13  1
5.465  1.16261  3.37926e-13  1
5.47  1.15964  3.50992e-13  1
5.475  1.15658  3.64087e-13  1
5.48  1.15342  3.76769e-13  1
5.485  1.15017  3.8809e-13  1
5.49  1.14682  3.99989e-13  1
5.495  1.14338  4.13867e-13  1
5.5  1.13985  4.29123e-13  1
5.505  1.13623  4.45126e-13  1
5.51  1.13253  4.6078e-13  1
5.515  1.12874  4.76646e-13  1
5.52  1.12488  4.92698e-13  1
5.525  1.12093  5.08839e-13  1
5.53  1.11691  5.2507e-13  1
5.535  1.11282  5.41098e-13  1
5.54  1.10866  5.57404e-13  1
5.545  1.10442  5.73325e-13  1
5.55  1.10013  5.89605e-13  1
5.555  1.09577  6.05801e-13  1
5.56  1.09135  6.22079e-13  1
5.565  1.08687  6.38008e-13  1
5.57  1.08234  6.53997e-13  1
5.575  1.07776  6.69159e-13  1
5.58  1.07313  6.84665e-13  1
5.585  1.06845  7.00051e-13  1
5.59  1.06374  7.15159e-13  1
5.595  1.05898  7.29503e-13  1
5.6  1.05418  7.43971e-13  1
5.605  1.04935  7.59068e-13  1
5.61  1.04449  7.73952e-13  1
5.615  1.0396  7.88851e-13  1
5.62  1.03469  8.03867e-13  1
5.625  1.02976  8.17993e-13  1
5.63  1.0248  8.32427e-13  1
5.635  1.01983  8.46302e-13  1
5.64  1.01485  8.60794e-13  1
5.645  1.00986  8.74201e-13  1
5.65  1.00487  8.85906e-13  1
5.655  0.999867  8.96995e-13  1
5.66  0.994867  9.08001e-13  1
5.665  0.989871  9.19411e-13  1
5.67  0.984881  9.29968e-13  1
5.675  0.979901  9.39948e-13  1
5.68  0.974933  9.48947e-13  1
5.685  0.969981  9.57718e-13  1
5.69  0.965047  9.66786e-13  1
5.695  0.960136  9.73278e-13  1
5.7  0.955249  9.80314e-13  1
5.705  0.95039  9.86883e-13  1
5.71  0.945562  9.91969e-13  1
5.715  0.940769  9.94687e-13  1
5.72  0.936012  9.97725e-13  1
5.725  0.931295  9.99901e-13  1
5.73  0.926622  1.00242e-12  1
5.735  0.921994  1.00441e-12  1
5.74  0.917414  1.00273e-12  1
5.745  0.912887  9.99357e-13  1
5.75  0.908414  9.96232e-13  1
5.755  0.903998  9.93169e-13  1
5.76  0.899642  9.90795e-13  1
5.765  0.895349  9.88891e-13  1
5.77  0.891121  9.87295e-13  1
5.775  0.886962  9.82108e-13  1
5.78  0.882873  9.73101e-13  1
5.785  0.878857  9.65054e-13  1
5.79  0.874917  9.5641e-13  1
5.795  0.871055  9.45317e-13  1
5.8  0.867273  9.31423e-13  1
5.805  0.863575  9.17131e-13  1
5.81  0.859962  8.99773e-13  1
5.815  0.856436  8.8156e-13  1
5.82  0.853  8.64525e-13  1
5.825  0.849656  8.47086e-13  1
5.83  0.846406  8.26221e-13  1
5.835  0.843252  8.0423e-13  1
5.84  0.840196  7.81547e-13  1
5.845  0.837239  7.58727e-13  1
5.85  0.834385  7.36179e-13  1
5.855  0.831634  7.1345e-13  1
5.86  0.828988  6.9058e-13  1
5.865  0.826449  6.68588e-13  1
5.87  0.824019  6.46169e-13  1
5.875  0.821698  6.22669e-13  1
5.88  0.819489  5.97736e-13  1
5.885  0.817393  5.73625e-13  1
5.89  0.815411  5.47802e-13  1
5.895  0.813544  5.19072e-13  1
5.9  0.811794  4.88973e-13  1
5.905  0.810161  4.57367e-13  1
5.91  0.808647  4.24934e-13  1
5.915  0.807253  3.93068e-13  1
5.92  0.805979  3.60938e-13  1
5.925  0.804826  3.28775e-13  1
5.93  0.803796  2.97346e-13  1
5.935  0.802887  2.66168e-13  1
5.94  0.802103  2.36624e-13  1
5.945  0.801441  2.05391e-13  1
5.95  0.800904  1.74501e-13  1
5.955  0.800492  1.44444e-13  1
5.96  0.800204  1.14453e-13  1
5.965  0.800041  8.4257e-14  1
5.97  0.800002  5.46274e-14  1
5.975  0.800089  2.4103e-14  1
5.98  0.800301  -7.15362e-15  1
5.985  0.800638  -3.82768e-14  1
5.99  0.801099  -6.92661e-14  1
5.995  0.801684  -1.01534e-13  1
6  0.802394  -1.33461e-13  1
6.005  0.803227  -1.648e-13  1
6.01  0.804183  -1.96044e-13  1
6.015  0.805261  -2.25249e-13  1
6.02  0.806461  -2.52704e-13  1
6.025  0.807782  -2.80041e-13  1
6.03  0.809223  -3.07077e-13  1
6.035  0.810783  -3.34786e-13  1
6.04  0.812462  -3.62312e-13  1
6.045  0.814257  -3.89773e-13  1
6.05  0.816169  -4.17326e-13  1
6.055  0.818196  -4.45086e-13  1
6.06  0.820336  -4.72441e-13  1
6.065  0.822589  -5.00093e-13  1
6.07  0.824953  -5.27187e-13  1
6.075  0.827425  -5.54191e-13  1
6.08  0.830006  -5.80888e-13  1
6.085  0.832693  -6.08026e-13  1
6.09  0.835485  -6.35126e-13  1
6.095  0.838379  -6.62765e-13  1
6.1  0.841375  -6.89382e-13  1
6.105  0.844469  -7.16796e-13  1
6.11  0.847661  -7.45308e-13  1
6.115  0.850948  -7.7075e-13  1
6.12  0.854328  -7.94111e-13  1
6.125  0.857799  -8.15916e-13  1
6.13  0.861359  -8.35955e-13  1
6.135  0.865006  -8.5348e-13  1
6.14  0.868737  -8.70735e-13  1
6.145  0.87255  -8.87992e-13  1
6.15  0.876442  -9.04907e-13  1
6.155  0.880412  -9.21062e-13  1
6.16  0.884457  -9.36587e-13  1
6.165  0.888574  -9.47895e-13  1
6.17  0.89276  -9.59869e-13  1
6.175  0.897014  -9.71032e-13  1
6.18  0.901332  -9.81128e-13  1
6.185  0.905711  -9.89999e-13  1
6.19  0.91015  -9.96995e-13  1
6.195  0.914644  -1.00308e-12  1
6.2  0.919192  -1.00919e-12  1
6.205  0.923791  -1.01433e-12  1
6.21  0.928437  -1.01997e-12  1
6.215  0.933128  -1.02533e-12  1
6.22  0.937861  -1.0302e-12  1
6.225  0.942632  -1.03184e-12  1
6.23  0.947439  -1.03411e-12  1
6.235  0.952279  -1.03296e-12  1
6.24  0.957149  -1.02912e-12  1
6.245  0.962046  -1.02514e-12  1
6.25  0.966967  -1.02083e-12  1
6.255  0.971908  -1.01565e-12  1
6.26  0.976867  -1.00892e-12  1
6.265  0.98184  -9.99963e-13  1
6.27  0.986824  -9.91897e-13  1
6.275  0.991817  -9.82997e-13  1
6.28  0.996815  -9.73695e-13  1
6.285  1.00181  -9.6321e-13  1
6.29  1.00681  -9.51289e-13  1
6.295  1.01181  -9.37695e-13  1
6.3  1.01679  -9.23826e-13  1
6.305  1.02177  -9.10076e-13  1
6.31  1.02673  -8.95487e-13  1
6.315  1.03168  -8.81502e-13  1
6.32  1.03661  -8.66888e-13  1
6.325  1.04151  -8.52793e-13  1
6.33  1.04639  -8.3848e-13  1
6.335  1.05124  -8.24298e-13  1
6.34  1.05605  -8.09833e-13  1
6.345  1.06084  -7.95389e-13  1
6.35  1.06558  -7.81027e-13  1
6.355  1.07028  -7.66437e-13  1
6.36  1.07494  -7.5214e-13  1
6.365  1.07955  -7.38403e-13  1
6.37  1.08411  -7.21702e-13  1
6.375  1.08862  -7.03554e-13  1
6.38  1.09308  -6.85127e-13  1
6.385  1.09747  -6.66996e-13  1
6.39  1.10181  -6.48999e-13  1
6.395  1.10608  -6.30941e-13  1
6.4  1.11029  -6.12886e-13  1
6.405  1.11442  -5.94362e-13  1
6.41  1.11849  -5.75788e-13  1
6.415  1.12248  -5.58008e-13  1
6.42  1.12639  -5.40216e-13  1
6.425  1.13023  -5.22588e-13  1
6.43  1.13398  -5.05408e-13  1
6.435  1.13765  -4.87835e-13  1
6.44  1.14123  -4.70835e-13  1
6.445  1.14473  -4.54688e-13  1
6.45  1.14813  -4.37455e-13  1
6.455  1.15145  -4.20451e-13  1
6.46  1.15467  -4.03956e-13  1
6.465  1.15779  -3.86607e-13  1
6.47  1.16081  -3.68576e-13  1
6.475  1.16373  -3.51467e-13  1
6.48  1.16655  -3.35051e-13  1
6.485  1.16927  -3.1902e-13  1
6.49  1.17188  -3.04352e-13  1
6.495  1.17438  -2.89491e-13  1
6.5  1.17677  -2.73562e-13  1
6.505  1.17906  -2.56456e-13  1
6.51  1.18123  -2.40101e-13  1
6.515  1.18329  -2.2606e-13  1
6.52  1.18523  -2.12381e-13  1
6.525  1.18706  -1.98905e-13  1
6.53  1.18877  -1.85662e-13  1
6.535  1.19036  -1.7257e-13  1
6.54  1.19184  -1.60517e-13  1
6.545  1.19319  -1.47746e-13  1
6.55  1.19442  -1.35339e-13  1
6.555  1.19553  -1.21027e-13  1
6.56  1.19652  -1.06421e-13  1
6.565  1.19739  -9.08195e-14  1
6.57  1.19813  -7.50259e-14  1
6.575  1.19875  -5.97613e-14  1
6.58  1.19925  -4.52514e-14  1
6.585  1.19962  -3.17285e-14  1
6.59  1.19987  -1.71086e-14  1
6.595  1.19999  -3.46332e-15  1
6.6  1.19998  9.21499e-15  1
6.605  1.19985  2.24323e-14  1
6.61  1.1996  3.54958e-14  1
6.615  1.19922  4.89803e-14  1
6.62  1.19872  6.18623e-14  1
6.625  1.19809  7.44695e-14  1
6.63  1.19734  8.80076e-14  1
6.635  1.19647  1.0192e-13  1
6.64  1.19547  1.15957e-13  1
6.645  1.19435  1.29166e-13  1
6.65  1.19311  1.42079e-13  1
6.655  1.19175  1.56268e-13  1
6.66  1.19027  1.70087e-13  1
6.665  1.18867  1.83047e-13  1
6.67  1.18695  1.94885e-13  1
6.675  1.18511  2.07141e-13  1
6.68  1.18316  2.20885e-13  1
6.685  1.1811  2.34666e-13  1
6.69  1.17892  2.48017e-13  1
6.695  1.17663  2.62377e-13  1
6.7  1.17423  2.7608e-13  1
6.705  1.17172  2.89498e-13  1
6.71  1.1691  3.04049e-13  1
6.715  1.16638  3.18751e-13  1
6.72  1.16355  3.3295e-13  1
6.725  1.16062  3.46573e-13  1
6.73  1.1576  3.58941e-13  1
6.735  1.15447  3.7279e-13  1
6.74  1.15124  3.86403e-13  1
6.745  1.14793  4.00277e-13  1
6.75  1.14451  4.13637e-13  1
6.755  1.14101  4.26576e-13  1
6.76  1.13742  4.40478e-13  1
6.765  1.13375  4.55393e-13  1
6.77  1.12999  4.70431e-13  1
6.775  1.12615  4.85686e-13  1
6.78  1.12223  5.0077e-13  1
6.785  1.11824  5.16406e-13  1
6.79  1.11417  5.31977e-13  1
6.795  1.11003  5.48014e-13  1
6.8  1.10582  5.64407e-13  1
6.805  1.10154  5.80839e-13  1
6.81  1.0972  5.9743e-13  1
6.815  1.0928  6.13479e-13  1
6.82  1.08834  6.29713e-13  1
6.825  1.08383  6.45771e-13  1
6.83  1.07927  6.61673e-13  1
6.835  1.07465  6.77449e-13  1
6.84  1.06999  6.92875e-13  1
6.845  1.06529  7.08702e-13  1
6.85  1.06054  7.24321e-13  1
6.855  1.05576  7.39886e-13  1
6.86  1.05094  7.55818e-13  1
6.865  1.04609  7.70884e-13  1
6.87  1.04121  7.86467e-13  1
6.875  1.0363  8.01303e-13  1
6.88  1.03137  8.15551e-13  1
6.885  1.02643  8.30158e-13  1
6.89  1.02146  8.44108e-13  1
6.895  1.01649  8.58618e-13  1
6.9  1.0115  8.71428e-13  1
6.905  1.0065  8.83113e-13  1
6.91  1.0015  8.94172e-13  1
6.915  0.996504  9.05511e-13  1
6.92  0.991506  9.16487e-13  1
6.925  0.986514  9.27829e-13  1
6.93  0.98153  9.37336e-13  1
6.935  0.976558  9.46709e-13  1
6.94  0.9716  9.54175e-13  1
6.945  0.96666  9.61065e-13  1
6.95  0.961741  9.67897e-13  1
6.955  0.956846  9.75231e-13  1
6.96  0.951978  9.80813e-13  1
6.965  0.947139  9.88019e-13  1
6.97  0.942334  9.92822e-13  1
6.975  0.937565  9.9696e-13  1
6.98  0.932835  9.99405e-13  1
6.985  0.928147  1.00258e-12  1
6.99  0.923504  1.00412e-12  1
6.995  0.918908  1.00361e-12  1
7  0.914363  1.0005e-12  1
7.005  0.909872  9.98979e-13  1
7.01  0.905437  9.96241e-13  1
7.015  0.901062  9.92615e-13  1
7.02  0.896748  9.89726e-13  1
7.025  0.892498  9.87618e-13  1
7.03  0.888316  9.83602e-13  1
7.035  0.884203  9.76144e-13  1
7.04  0.880163  9.66968e-13  1
7.045  0.876198  9.58702e-13  1
7.05  0.87231  9.49221e-13  1
7.055  0.868502  9.36901e-13  1
7.06  0.864776  9.22027e-13  1
7.065  0.861135  9.04774e-13  1
7.07  0.857581  8.86084e-13  1
7.075  0.854115  8.685e-13  1
7.08  0.850741  8.50943e-13  1
7.085  0.84746  8.30888e-13  1
7.09  0.844274  8.09639e-13  1
7.095  0.841185  7.87557e-13  1
7.1  0.838196  7.65318e-13  1
7.105  0.835308  7.43096e-13  1
7.11  0.832523  7.20014e-13  1
7.115  0.829843  6.97254e-13  1
7.12  0.827269  6.75218e-13  1
7.125  0.824802  6.53771e-13  1
7.13  0.822446  6.33105e-13  1
7.135  0.8202  6.12229e-13  1
7.14  0.818067  5.88438e-13  1
7.145  0.816047  5.61365e-13  1
7.15  0.814142  5.31318e-13  1
7.155  0.812354  5.00841e-13  1
7.16  0.810683  4.69448e-13  1
7.165  0.80913  4.37574e-13  1
7.17  0.807696  4.05425e-13  1
7.175  0.806383  3.72556e-13  1
7.18  0.80519  3.40728e-13  1
7.185  0.804119  3.07903e-13  1
7.19  0.803171  2.7605e-13  1
7.195  0.802346  2.45735e-13  1
7.2  0.801644  2.15265e-13  1
7.205  0.801066  1.85313e-13  1
7.21  0.800613  1.54993e-13  1
7.215  0.800284  1.23792e-13  1
7.22  0.80008  9.42577e-14  1
7.225  0.800001  6.36203e-14  1
7.23  0.800047  3.27635e-14  1
7.235  0.800218  1.22554e-15  1
7.24  0.800514  -3.03312e-14  1
7.245  0.800934  -6.19198e-14  1
7.25  0.801479  -9.28419e-14  1
7.255  0.802148  -1.22923e-13  1
7.26  0.80294  -1.53489e-13  1
7.265  0.803856  -1.83813e-13  1
7.27  0.804894  -2.12869e-13  1
7.275  0.806055  -2.40927e-13  1
7.28  0.807336  -2.67892e-13  1
7.285  0.808738  -2.94989e-13  1
7.29  0.810259  -3.22442e-13  1
7.295  0.811899  -3.49782e-13  1
7.3  0.813657  -3.77108e-13  1
7.305  0.815531  -4.04235e-13  1
7.31  0.81752  -4.31788e-13  1
7.315  0.819623  -4.58905e-13  1
7.32  0.821839  -4.86504e-13  1
7.325  0.824167  -5.13599e-13  1
7.33  0.826604  -5.41373e-13  1
7.335  0.829149  -5.68883e-13  1
7.34  0.831802  -5.95837e-13  1
7.345  0.834559  -6.23641e-13  1
7.35  0.83742  -6.51075e-13  1
7.355  0.840383  -6.78773e-13  1
7.36  0.843445  -7.06285e-13  1
7.365  0.846605  -7.34934e-13  1
7.37  0.849861  -7.62965e-13  1
7.375  0.853211  -7.8792e-13  1
7.38  0.856653  -8.09651e-13  1
7.385  0.860184  -8.294e-13  1
7.39  0.863802  -8.46953e-13  1
7.395  0.867506  -8.64995e-13  1
7.4  0.871292  -8.82418e-13  1
7.405  0.875159  -8.99777e-13  1
7.41  0.879104  -9.15731e-13  1
7.415  0.883125  -9.30122e-13  1
7.42  0.887218  -9.42786e-13  1
7.425  0.891382  -9.5361e-13  1
7.43  0.895614  -9.64443e-13  1
7.435  0.899911  -9.75797e-13  1
7.44  0.904271  -9.86268e-13  1
7.445  0.90869  -9.94117e-13  1
7.45  0.913167  -1.00017e-12  1
7.455  0.917698  -1.00611e-12  1
7.46  0.92228  -1.01165e-12  1
7.465  0.926911  -1.01714e-12  1
7.47  0.931587  -1.02263e-12  1
7.475  0.936307  -1.02696e-12  1
7.48  0.941066  -1.02946e-12  1
7.485  0.945862  -1.03154e-12  1
7.49  0.950691  -1.03136e-12  1
7.495  0.955552  -1.02827e-12  1
7.5  0.96044  -1.02417e-12  1
7.505  0.965353  -1.01942e-12  1
7.51  0.970288  -1.0134e-12  1
7.515  0.975241  -1.00561e-12  1
7.52  0.98021  -9.97492e-13  1
7.525  0.985191  -9.89421e-13  1
7.53  0.990182  -9.80801e-13  1
7.535  0.995178  -9.71797e-13  1
7.54  1.00018  -9.61819e-13  1
7.545  1.00518  -9.51413e-13  1
7.55  1.01017  -9.39454e-13  1
7.555  1.01516  -9.25744e-13  1
7.56  1.02014  -9.12366e-13  1
7.565  1.02511  -8.98674e-13  1
7.57  1.03006  -8.84736e-13  1
7.575  1.035  -8.707e-13  1
7.58  1.03991  -8.56396e-13  1
7.585  1.04479  -8.42303e-13  1
7.59  1.04965  -8.27774e-13  1
7.595  1.05448  -8.1341e-13  1
7.6  1.05927  -7.98993e-13  1
7.605  1.06403  -7.84337e-13  1
7.61  1.06875  -7.70339e-13  1
7.615  1.07342  -7.55715e-13  1
7.62  1.07805  -7.41544e-13  1
7.625  1.08263  -7.27562e-13  1
7.63  1.08715  -7.1077e-13  1
7.635  1.09163  -6.93043e-13  1
7.64  1.09604  -6.75003e-13  1
7.645  1.1004  -6.56783e-13  1
7.65  1.10469  -6.38084e-13  1
7.655  1.10892  -6.20077e-13  1
7.66  1.11308  -6.01924e-13  1
7.665  1.11716  -5.83529e-13  1
7.67  1.12118  -5.65731e-13  1
7.675  1.12512  -5.48014e-13  1
7.68  1.12898  -5.30412e-13  1
7.685  1.13276  -5.13294e-13  1
7.69  1.13646  -4.9654e-13  1
7.695  1.14007  -4.80077e-13  1
7.7  1.14359  -4.63572e-13  1
7.705  1.14703  -4.46785e-13  1
7.71  1.15037  -4.29282e-13  1
7.715  1.15362  -4.12046e-13  1
7.72  1.15678  -3.95749e-13  1
7.725  1.15983  -3.79761e-13  1
7.73  1.16279  -3.62934e-13  1
7.735  1.16564  -3.46666e-13  1
7.74  1.16839  -3.3046e-13  1
7.745  1.17103  -3.14054e-13  1
7.75  1.17357  -2.97359e-13  1
7.755  1.176  -2.81586e-13  1
7.76  1.17832  -2.64123e-13  1
7.765  1.18053  -2.4813e-13  1
7.77  1.18263  -2.33894e-13  1
7.775  1.18461  -2.20456e-13  1
7.78  1.18647  -2.07084e-13  1
7.785  1.18822  -1.94088e-13  1
7.79  1.18985  -1.81057e-13  1
7.795  1.19137  -1.68592e-13  1
7.8  1.19276  -1.55953e-13  1
7.805  1.19403  -1.42775e-13  1
7.81  1.19518  -1.29017e-13  1
7.815  1.19621  -1.15068e-13  1
7.82  1.19712  -9.89054e-14  1
7.825  1.1979  -8.29954e-14  1
7.83  1.19856  -6.65975e-14  1
7.835  1.1991  -5.16271e-14  1
7.84  1.19951  -3.74915e-14  1
7.845  1.1998  -2.33895e-14  1
7.85  1.19996  -9.26758e-15  1
7.855  1.2  4.57043e-15  1
7.86  1.19991  1.73362e-14  1
7.865  1.1997  3.01656e-14  1
7.87  1.19936  4.27664e-14  1
7.875  1.1989  5.54789e-14  1
7.88  1.19831  6.80415e-14  1
7.885  1.1976  8.04671e-14  1
7.89  1.19677  9.26944e-14  1
7.895  1.19581  1.05392e-13  1
7.9  1.19473  1.17397e-13  1
7.905  1.19353  1.29763e-13  1
7.91  1.19221  1.44574e-13  1
7.915  1.19076  1.59611e-13  1
7.92  1.1892  1.72981e-13  1
7.925  1.18752  1.8503e-13  1
7.93  1.18573  1.96722e-13  1
7.935  1.18381  2.10329e-13  1
7.94  1.18179  2.25229e-13  1
7.945  1.17964  2.39859e-13  1
7.95  1.17739  2.54739e-13  1
7.955  1.17503  2.69657e-13  1
7.96  1.17255  2.83993e-13  1
7.965  1.16997  2.98895e-13  1
7.97  1.16728  3.13698e-13  1
7.975  1.16449  3.28471e-13  1
7.98  1.16159  3.4275e-13  1
7.985  1.1586  3.55762e-13  1
7.99  1.1555  3.68315e-13  1
7.995  1.15231  3.80014e-13  1
8  1.14902  3.91134e-13  1
8.005  1.14564  4.04302e-13  1
8.01  1.14217  4.18676e-13  1
8.015  1.13861  4.34133e-13  1
8.02  1.13496  4.49722e-13  1
8.025  1.13123  4.65626e-13  1
8.03  1.12742  4.81717e-13  1
8.035  1.12352  4.97695e-13  1
8.04  1.11955  5.13019e-13  1
8.045  1.11551  5.2885e-13  1
8.05  1.11139  5.45031e-13  1
8.055  1.1072  5.60933e-13  1
8.06  1.10295  5.76863e-13  1
8.065  1.09863  5.93006e-13  1
8.07  1.09425  6.08853e-13  1
8.075  1.08981  6.24977e-13  1
8.08  1.08532  6.41014e-13  1
8.085  1.08077  6.56905e-13  1
8.09  1.07617  6.73007e-13  1
8.095  1.07152  6.8916e-13  1
8.1  1.06683  7.04901e-13  1
8.105  1.0621  7.20471e-13  1
8.11  1.05733  7.35273e-13  1
8.115  1.05252  7.50146e-13  1
8.12  1.04768  7.65152e-13  1
8.125  1.04281  7.80913e-13  1
8.13  1.03791  7.96203e-13  1
8.135  1.03299  8.11077e-13  1
8.14  1.02805  8.25162e-13  1
8.145  1.02309  8.38693e-13  1
8.15  1.01812  8.53538e-13  1
8.155  1.01313  8.67593e-13  1
8.16  1.00814  8.81284e-13  1
8.165  1.00314  8.93093e-13  1
8.17  0.998141  9.04059e-13  1
8.175  0.993142  9.15059e-13  1
8.18  0.988148  9.26145e-13  1
8.185  0.983161  9.36244e-13  1
8.19  0.978184  9.45729e-13  1
8.195  0.973222  9.54392e-13  1
8.2  0.968275  9.61728e-13  1
8.205  0.963349  9.68732e-13  1
8.21  0.958446  9.75546e-13  1
8.215  0.953568  9.81409e-13  1
8.22  0.94872  9.87988e-13  1
8.225  0.943904  9.94002e-13  1
8.23  0.939122  9.9775e-13  1
8.235  0.934379  9.99805e-13  1
8.24  0.929677  1.00153e-12  1
8.245  0.925019  1.00368e-12  1
8.25  0.920407  1.00464e-12  1
8.255  0.915846  1.00478e-12  1
8.26  0.911337  1.00256e-12  1
8.265  0.906883  9.9935e-13  1
8.27  0.902488  9.95245e-13  1
8.275  0.898153  9.91329e-13  1
8.28  0.893882  9.89703e-13  1
8.285  0.889678  9.86289e-13  1
8.29  0.885542  9.79683e-13  1
8.295  0.881478  9.69884e-13  1
8.3  0.877488  9.60119e-13  1
8.305  0.873575  9.51245e-13  1
8.31  0.86974  9.40368e-13  1
8.315  0.865987  9.27259e-13  1
8.32  0.862318  9.12828e-13  1
8.325  0.858735  8.94697e-13  1
8.33  0.85524  8.77211e-13  1
8.335  0.851835  8.60003e-13  1
8.34  0.848523  8.39594e-13  1
8.345  0.845306  8.17301e-13  1
8.35  0.842186  7.94588e-13  1
8.355  0.839164  7.72524e-13  1
8.36  0.836243  7.50471e-13  1
8.365  0.833424  7.28947e-13  1
8.37  0.830709  7.07727e-13  1
8.375  0.8281  6.85731e-13  1
8.38  0.825598  6.62559e-13  1
8.385  0.823205  6.40011e-13  1
8.39  0.820923  6.18299e-13  1
8.395  0.818753  5.95087e-13  1
8.4  0.816696  5.69184e-13  1
8.405  0.814753  5.4029e-13  1
8.41  0.812927  5.09724e-13  1
8.415  0.811217  4.78847e-13  1
8.42  0.809625  4.46612e-13  1
8.425  0.808152  4.15486e-13  1
8.43  0.806799  3.82849e-13  1
8.435  0.805567  3.50694e-13  1
8.44  0.804457  3.18626e-13  1
8.445  0.803468  2.86693e-13  1
8.45  0.802603  2.54966e-13  1
8.455  0.80186  2.24732e-13  1
8.46  0.801242  1.95457e-13  1
8.465  0.800748  1.65052e-13  1
8.47  0.800378  1.34782e-13  1
8.475  0.800133  1.04626e-13  1
8.48  0.800013  7.36713e-14  1
8.485  0.800018  4.23772e-14  1
8.49  0.800148  1.0078e-14  1
8.495  0.800403  -2.10004e-14  1
8.5  0.800783  -5.25685e-14  1
8.505  0.801287  -8.32392e-14  1
8.51  0.801915  -1.13863e-13  1
8.515  0.802667  -1.43499e-13  1
8.52  0.803543  -1.73081e-13  1
8.525  0.804541  -2.02521e-13  1
8.53  0.805661  -2.31651e-13  1
8.535  0.806903  -2.60757e-13  1
8.54  0.808266  -2.88719e-13  1
8.545  0.809748  -3.15529e-13  1
8.55  0.811349  -3.42831e-13  1
8.555  0.813068  -3.69998e-13  1
8.56  0.814904  -3.97102e-13  1
8.565  0.816856  -4.24043e-13  1
8.57  0.818922  -4.51095e-13  1
8.575  0.821101  -4.77991e-13  1
8.58  0.823392  -5.05034e-13  1
8.585  0.825794  -5.32202e-13  1
8.59  0.828304  -5.59174e-13  1
8.595  0.830922  -5.86554e-13  1
8.6  0.833645  -6.13635e-13  1
8.605  0.836472  -6.41301e-13  1
8.61  0.839402  -6.68002e-13  1
8.615  0.842432  -6.95172e-13  1
8.62  0.84556  -7.22283e-13  1
8.625  0.848785  -7.50094e-13  1
8.63  0.852104  -7.78403e-13  1
8.635  0.855516  -8.03079e-13  1
8.64  0.859018  -8.23978e-13  1
8.645  0.862608  -8.42282e-13  1
8.65  0.866284  -8.59205e-13  1
8.655  0.870044  -8.76079e-13  1
8.66  0.873884  -8.93276e-13  1
8.665  0.877804  -9.10249e-13  1
8.67  0.8818  -9.25009e-13  1
8.675  0.88587  -9.36705e-13  1
8.68  0.890011  -9.47869e-13  1
8.685  0.894221  -9.58988e-13  1
8.69  0.898497  -9.69277e-13  1
8.695  0.902837  -9.80165e-13  1
8.7  0.907237  -9.89937e-13  1
8.705  0.911695  -9.96978e-13  1
8.71  0.916208  -1.00324e-12  1
8.715  0.920774  -1.00901e-12  1
8.72  0.925389  -1.01423e-12  1
8.725  0.930051  -1.01986e-12  1
8.73  0.934757  -1.02472e-12  1
8.735  0.939503  -1.02849e-12  1
8.74  0.944287  -1.02969e-12  1
8.745  0.949106  -1.03107e-12  1
8.75  0.953957  -1.02964e-12  1
8.755  0.958837  -1.02587e-12  1
8.76  0.963742  -1.02159e-12  1
8.765  0.96867  -1.01708e-12  1
8.77  0.973618  -1.01026e-12  1
8.775  0.978582  -1.0022e-12  1
8.78  0.983559  -9.94087e-13  1
8.785  0.988547  -9.85298e-13  1
8.79  0.993542  -9.75644e-13  1
8.795  0.998541  -9.66072e-13  1
8.8  1.00354  -9.56564e-13  1
8.805  1.00854  -9.45318e-13  1
8.81  1.01353  -9.31899e-13  1
8.815  1.01851  -9.17474e-13  1
8.82  1.02349  -9.03272e-13  1
8.825  1.02844  -8.89357e-13  1
8.83  1.03338  -8.75186e-13  1
8.835  1.0383  -8.61277e-13  1
8.84  1.0432  -8.4736e-13  1
8.845  1.04807  -8.33064e-13  1
8.85  1.0529  -8.19064e-13  1
8.855  1.05771  -8.04721e-13  1
8.86  1.06248  -7.90465e-13  1
8.865  1.06721  -7.76302e-13  1
8.87  1.07189  -7.6191e-13  1
8.875  1.07654  -7.47737e-13  1
8.88  1.08113  -7.31637e-13  1
8.885  1.08568  -7.14487e-13  1
8.89  1.09017  -6.96668e-13  1
8.895  1.0946  -6.79957e-13  1
8.9  1.09898  -6.644e-13  1
8.905  1.10329  -6.48238e-13  1
8.91  1.10754  -6.32736e-13  1
8.915  1.11172  -6.18512e-13  1
8.92  1.11583  -6.05776e-13  1
8.925  1.11987  -5.95501e-13  1
8.93  1.12384  -5.86837e-13  1
8.935  1.12772  -5.79548e-13  1
8.94  1.13153  -5.73912e-13  1
8.945  1.13526  -5.70157e-13  1
8.95  1.1389  -5.68267e-13  1
8.955  1.14245  -5.66314e-13  1
8.96  1.14592  -5.63472e-13  1
8.965  1.14929  -5.60546e-13  1
8.97  1.15257  -5.57547e-13  1
8.975  1.15575  -5.54673e-13  1
8.98  1.15884  -5.52243e-13  1
8.985  1.16183  -5.48845e-13  1
8.99  1.16472  -5.44551e-13  1
8.995  1.1675  -5.40466e-13  1
9  1.17018  -5.35949e-13  1
9.005  1.17275  -5.31924e-13  1
9.01  1.17522  -5.27987e-13  1
9.015  1.17757  -5.24077e-13  1
9.02  1.17982  -5.20272e-13  1
9.025  1.18195  -5.16353e-13  1
9.03  1.18397  -5.123e-13  1
9.035  1.18587  -5.08416e-13  1
9.04  1.18766  -5.04981e-13  1
9.045  1.18933  -5.00519e-13  1
9.05  1.19088  -4.9399e-13  1
9.055  1.19232  -4.87149e-13  1
9.06  1.19363  -4.79798e-13  1
9.065  1.19482  -4.72782e-13  1
9.07  1.19589  -4.65322e-13  1
9.075  1.19684  -4.57916e-13  1
9.08  1.19766  -4.50763e-13  1
9.085  1.19836  -4.43619e-13  1
9.09  1.19894  -4.36371e-13  1
9.095  1.19939  -4.29575e-13  1
9.1  1.19972  -4.21897e-13  1
9.105  1.19992  -4.14961e-13  1
9.11  1.2  -4.07717e-13  1
9.115  1.19995  -4.01433e-13  1
9.12  1.19978  -3.94164e-13  1
9.125  1.19948  -3.8716e-13  1
9.13  1.19906  -3.79213e-13  1
9.135  1.19852  -3.71332e-13  1
9.14  1.19785  -3.64215e-13  1
9.145  1.19705  -3.55806e-13  1
9.15  1.19614  -3.47193e-13  1
9.155  1.1951  -3.39398e-13  1
9.16  1.19393  -3.30658e-13  1
9.165  1.19265  -3.215e-13  1
9.17  1.19125  -3.11593e-13  1
9.175  1.18973  -3.01938e-13  1
9.18  1.18809  -2.91036e-13  1
9.185  1.18633  -2.7917e-13  1
9.19  1.18445  -2.67552e-13  1
9.195  1.18246  -2.56488e-13  1
9.2  1.18036  -2.44692e-13  1
9.205  1.17814  -2.3371e-13  1
9.21  1.17581  -2.23166e-13  1
9.215  1.17337  -2.11689e-13  1
9.22  1.17083  -2.01023e-13  1
9.225  1.16817  -1.91121e-13  1
9.23  1.16542  -1.79516e-13  1
9.235  1.16255  -1.66718e-13  1
9.24  1.15959  -1.53951e-13  1
9.245  1.15653  -1.40062e-13  1
9.25  1.15337  -1.25015e-13  1
9.255  1.15011  -1.10487e-13  1
9.26  1.14676  -9.60395e-14  1
9.265  1.14332  -8.1601e-14  1
9.27  1.13978  -6.70253e-14  1
9.275  1.13617  -5.2666e-14  1
9.28  1.13246  -3.84433e-14  1
9.285  1.12867  -2.37913e-14  1
9.29  1.12481  -9.4558e-15  1
9.295  1.12086  4.19646e-15  1
9.3  1.11684  1.90763e-14  1
9.305  1.11275  3.4485e-14  1
9.31  1.10858  4.98538e-14  1
9.315  1.10435  6.53692e-14  1
9.32  1.10005  8.09181e-14  1
9.325  1.09569  9.65775e-14  1
9.33  1.09127  1.11656e-13  1
9.335  1.08679  1.26929e-13  1
9.34  1.08226  1.41976e-13  1
9.345  1.07768  1.57603e-13  1
9.35  1.07305  1.7351e-13  1
9.355  1.06837  1.89701e-13  1
9.36  1.06365  2.05793e-13  1
9.365  1.05889  2.21536e-13  1
9.37  1.0541  2.37472e-13  1
9.375  1.04927  2.53756e-13  1
9.38  1.0444  2.68799e-13  1
9.385  1.03952  2.84588e-13  1
9.39  1.0346  3.00233e-13  1
9.395  1.02967  3.15869e-13  1
9.4  1.02471  3.31784e-13  1
9.405  1.01975  3.47576e-13  1
9.41  1.01476  3.64114e-13  1
9.415  1.00977  3.80569e-13  1
9.42  1.00478  3.96944e-13  1
9.425  0.999778  4.12754e-13  1
9.43  0.994779  4.28548e-13  1
9.435  0.989782  4.45832e-13  1
9.44  0.984793  4.61443e-13  1
9.445  0.979812  4.75047e-13  1
9.45  0.974845  4.86127e-13  1
9.455  0.969893  4.97298e-13  1
9.46  0.96496  5.08212e-13  1
9.465  0.960049  5.19373e-13  1
9.47  0.955162  5.30934e-13  1
9.475  0.950304  5.41693e-13  1
9.48  0.945477  5.54299e-13  1
9.485  0.940684  5.67946e-13  1
9.49  0.935928  5.81346e-13  1
9.495  0.931212  5.91698e-13  1
9.5  0.926539  5.98297e-13  1
9.505  0.921912  6.01348e-13  1
9.51  0.917334  6.03131e-13  1
9.515  0.912807  6.04257e-13  1
9.52  0.908335  6.05891e-13  1
9.525  0.90392  6.07565e-13  1
9.53  0.899565  6.10391e-13  1
9.535  0.895273  6.12639e-13  1
9.54  0.891047  6.16654e-13  1
9.545  0.886888  6.19942e-13  1
9.55  0.882801  6.21522e-13  1
9.555  0.878786  6.19884e-13  1
9.56  0.874847  6.17646e-13  1
9.565  0.870987  6.17358e-13  1
9.57  0.867207  6.14706e-13  1
9.575  0.86351  6.08595e-13  1
9.58  0.859898  5.97736e-13  1
9.585  0.856374  5.84946e-13  1
9.59  0.85294  5.72914e-13  1
9.595  0.849597  5.61808e-13  1
9.6  0.846349  5.50624e-13  1
9.605  0.843197  5.39072e-13  1
9.61  0.840142  5.28178e-13  1
9.615  0.837188  5.17988e-13  1
9.62  0.834335  5.07601e-13  1
9.625  0.831586  4.9758e-13  1
9.63  0.828942  4.86247e-13  1
9.635  0.826405  4.75169e-13  1
9.64  0.823976  4.6262e-13  1
9.645  0.821658  4.50548e-13  1
9.65  0.819451  4.38204e-13  1
9.655  0.817357  4.24761e-13  1
9.66  0.815377  4.10189e-13  1
9.665  0.813512  3.95166e-13  1
9.67  0.811764  3.80321e-13  1
9.675  0.810133  3.64166e-13  1
9.68  0.808621  3.47831e-13  1
9.685  0.807229  3.31955e-13  1
9.69  0.805957  3.16926e-13  1
9.695  0.804807  3.02016e-13  1
9.7  0.803778  2.85713e-13  1
9.705  0.802872  2.69584e-13  1
9.71  0.80209  2.54045e-13  1
9.715  0.801431  2.37861e-13  1
9.72  0.800896  2.21112e-13  1
9.725  0.800485  2.05123e-13  1
9.73  0.8002  1.89158e-13  1
9.735  0.800039  1.7357e-13  1
9.74  0.800003  1.57855e-13  1
9.745  0.800092  1.42458e-13  1
9.75  0.800306  1.26466e-13  1
9.755  0.800645  1.10036e-13  1
9.76  0.801108  9.45572e-14  1
9.765  0.801696  7.85622e-14  1
9.77  0.802407  6.37893e-14  1
9.775  0.803243  4.93483e-14  1
9.78  0.804201  3.4794e-14  1
9.785  0.805281  1.99633e-14  1
9.79  0.806483  4.57956e-15  1
9.795  0.807806  -1.05781e-14  1
9.8  0.809249  -2.5321e-14  1
9.805  0.810812  -3.90973e-14  1
9.81  0.812493  -5.34461e-14  1
9.815  0.81429  -6.79167e-14  1
9.82  0.816204  -8.21894e-14  1
9.825  0.818233  -9.72865e-14  1
9.83  0.820375  -1.11905e-13  1
9.835  0.82263  -1.25823e-13  1
9.84  0.824995  -1.40207e-13  1
9.845  0.82747  -1.54618e-13  1
9.85  0.830053  -1.68797e-13  1
9.855  0.832742  -1.83299e-13  1
9.86  0.835535  -1.98977e-13  1
9.865  0.838431  -2.12582e-13  1
9.87  0.841429  -2.28757e-13  1
9.875  0.844525  -2.42677e-13  1
9.88  0.847718  -2.60343e-13  1
9.885  0.851007  -2.72409e-13  1
9.89  0.854389  -2.89423e-13  1
9.895  0.857861  -3.00158e-13  1
9.9  0.861423  -3.20329e-13  1
9.905  0.865071  -3.27568e-13  1
9.91  0.868804  -3.45925e-13  1
9.915  0.872618  -3.43603e-13  1
9.92  0.876512  -3.65159e-13  1
9.925  0.880484  -3.55337e-13  1
9.93  0.884529  -3.86931e-13  1
9.935  0.888648  -3.65673e-13  1
9.94  0.892835  -4.13308e-13  1
9.945  0.89709  -3.71576e-13  1
9.95  0.901409  -4.45181e-13  1
9.955  0.90579  -3.68072e-13  1
9.96  0.910229  -4.87733e-13  1
9.965  0.914725  -3.53339e-13  1
9.97  0.919274  -5.46629e-13  1
9.975  0.923873  -3.16e-13  1
9.98  0.92852  -6.34214e-13  1
9.985  0.933212  -2.39649e-13  1
9.99  0.937945  -7.58243e-13  1
9.995  0.942717  0  1
10  0.947525  0  1
