deltax is 0.0314159
When a6 = -1.07
alpha        Kr        Ki        
0    -2.776e-17    0
0.006283    1.499e-15    0.00755
0.01257    9.776e-14    0.0151
0.01885    1.115e-12    0.02265
0.02513    6.264e-12    0.0302
0.03142    2.389e-11    0.03774
0.0377    7.134e-11    0.04529
0.04398    1.799e-10    0.05283
0.05027    4.007e-10    0.06037
0.05655    8.122e-10    0.0679
0.06283    1.528e-09    0.07543
0.06912    2.706e-09    0.08296
0.0754    4.561e-09    0.09048
0.08168    7.371e-09    0.09799
0.08796    1.149e-08    0.1055
0.09425    1.738e-08    0.113
0.1005    2.56e-08    0.1205
0.1068    3.681e-08    0.128
0.1131    5.186e-08    0.1355
0.1194    7.17e-08    0.1429
0.1257    9.751e-08    0.1504
0.1319    1.306e-07    0.1579
0.1382    1.726e-07    0.1653
0.1445    2.252e-07    0.1728
0.1508    2.906e-07    0.1802
0.1571    3.711e-07    0.1876
0.1634    4.694e-07    0.195
0.1696    5.883e-07    0.2024
0.1759    7.314e-07    0.2098
0.1822    9.023e-07    0.2172
0.1885    1.105e-06    0.2245
0.1948    1.345e-06    0.2319
0.2011    1.626e-06    0.2392
0.2073    1.954e-06    0.2465
0.2136    2.336e-06    0.2538
0.2199    2.778e-06    0.2611
0.2262    3.287e-06    0.2684
0.2325    3.872e-06    0.2757
0.2388    4.54e-06    0.2829
0.245    5.302e-06    0.2901
0.2513    6.167e-06    0.2974
0.2576    7.146e-06    0.3046
0.2639    8.251e-06    0.3118
0.2702    9.494e-06    0.3189
0.2765    1.089e-05    0.3261
0.2827    1.245e-05    0.3332
0.289    1.419e-05    0.3403
0.2953    1.613e-05    0.3474
0.3016    1.829e-05    0.3545
0.3079    2.067e-05    0.3616
0.3142    2.332e-05    0.3686
0.3204    2.623e-05    0.3756
0.3267    2.944e-05    0.3826
0.333    3.297e-05    0.3896
0.3393    3.685e-05    0.3966
0.3456    4.109e-05    0.4035
0.3519    4.573e-05    0.4104
0.3581    5.08e-05    0.4173
0.3644    5.632e-05    0.4242
0.3707    6.234e-05    0.4311
0.377    6.887e-05    0.4379
0.3833    7.596e-05    0.4448
0.3896    8.364e-05    0.4516
0.3958    9.195e-05    0.4583
0.4021    0.0001009    0.4651
0.4084    0.0001106    0.4718
0.4147    0.0001211    0.4785
0.421    0.0001324    0.4852
0.4273    0.0001445    0.4919
0.4335    0.0001575    0.4985
0.4398    0.0001714    0.5052
0.4461    0.0001864    0.5118
0.4524    0.0002024    0.5184
0.4587    0.0002196    0.5249
0.465    0.0002379    0.5314
0.4712    0.0002575    0.538
0.4775    0.0002784    0.5444
0.4838    0.0003006    0.5509
0.4901    0.0003243    0.5574
0.4964    0.0003496    0.5638
0.5027    0.0003764    0.5702
0.5089    0.0004048    0.5766
0.5152    0.0004351    0.5829
0.5215    0.0004671    0.5892
0.5278    0.0005011    0.5955
0.5341    0.0005371    0.6018
0.5404    0.0005751    0.6081
0.5466    0.0006154    0.6143
0.5529    0.0006579    0.6205
0.5592    0.0007029    0.6267
0.5655    0.0007503    0.6329
0.5718    0.0008002    0.6391
0.5781    0.0008529    0.6452
0.5843    0.0009084    0.6513
0.5906    0.0009668    0.6574
0.5969    0.001028    0.6634
0.6032    0.001093    0.6695
0.6095    0.001161    0.6755
0.6158    0.001232    0.6815
0.622    0.001307    0.6875
0.6283    0.001385    0.6934
0.6346    0.001468    0.6993
0.6409    0.001554    0.7052
0.6472    0.001644    0.7111
0.6535    0.001739    0.717
0.6597    0.001838    0.7228
0.666    0.001941    0.7287
0.6723    0.002049    0.7345
0.6786    0.002162    0.7403
0.6849    0.00228    0.746
0.6912    0.002404    0.7518
0.6974    0.002532    0.7575
0.7037    0.002666    0.7632
0.71    0.002806    0.7689
0.7163    0.002952    0.7746
0.7226    0.003103    0.7802
0.7288    0.003261    0.7858
0.7351    0.003426    0.7915
0.7414    0.003597    0.7971
0.7477    0.003775    0.8026
0.754    0.003959    0.8082
0.7603    0.004152    0.8137
0.7665    0.004351    0.8193
0.7728    0.004559    0.8248
0.7791    0.004774    0.8303
0.7854    0.004997    0.8357
0.7917    0.005229    0.8412
0.798    0.005469    0.8467
0.8042    0.005718    0.8521
0.8105    0.005976    0.8575
0.8168    0.006243    0.8629
0.8231    0.00652    0.8683
0.8294    0.006806    0.8737
0.8357    0.007102    0.879
0.8419    0.007409    0.8844
0.8482    0.007726    0.8897
0.8545    0.008054    0.895
0.8608    0.008393    0.9003
0.8671    0.008744    0.9056
0.8734    0.009106    0.9109
0.8796    0.009479    0.9162
0.8859    0.009865    0.9214
0.8922    0.01026    0.9267
0.8985    0.01067    0.9319
0.9048    0.0111    0.9371
0.9111    0.01154    0.9424
0.9173    0.01199    0.9476
0.9236    0.01245    0.9528
0.9299    0.01293    0.9579
0.9362    0.01342    0.9631
0.9425    0.01393    0.9683
0.9488    0.01445    0.9735
0.955    0.01499    0.9786
0.9613    0.01555    0.9838
0.9676    0.01612    0.9889
0.9739    0.0167    0.994
0.9802    0.0173    0.9991
0.9865    0.01792    1.004
0.9927    0.01856    1.009
0.999    0.01922    1.014
1.005    0.01989    1.02
1.012    0.02058    1.025
1.018    0.02129    1.03
1.024    0.02202    1.035
1.03    0.02277    1.04
1.037    0.02353    1.045
1.043    0.02432    1.05
1.049    0.02513    1.055
1.056    0.02596    1.06
1.062    0.02681    1.065
1.068    0.02768    1.07
1.074    0.02857    1.075
1.081    0.02949    1.08
1.087    0.03043    1.085
1.093    0.03139    1.09
1.1    0.03237    1.095
1.106    0.03338    1.101
1.112    0.03441    1.106
1.118    0.03547    1.111
1.125    0.03655    1.116
1.131    0.03765    1.121
1.137    0.03879    1.126
1.144    0.03994    1.131
1.15    0.04113    1.136
1.156    0.04234    1.141
1.162    0.04357    1.146
1.169    0.04484    1.151
1.175    0.04613    1.156
1.181    0.04745    1.161
1.188    0.0488    1.166
1.194    0.05017    1.171
1.2    0.05158    1.176
1.206    0.05302    1.181
1.213    0.05448    1.186
1.219    0.05598    1.191
1.225    0.0575    1.196
1.232    0.05906    1.201
1.238    0.06065    1.206
1.244    0.06227    1.211
1.25    0.06393    1.216
1.257    0.06561    1.221
1.263    0.06733    1.226
1.269    0.06908    1.231
1.275    0.07087    1.236
1.282    0.07269    1.241
1.288    0.07454    1.246
1.294    0.07643    1.251
1.301    0.07835    1.256
1.307    0.08031    1.261
1.313    0.08231    1.266
1.319    0.08434    1.271
1.326    0.08641    1.276
1.332    0.08851    1.281
1.338    0.09065    1.286
1.345    0.09283    1.291
1.351    0.09505    1.296
1.357    0.09731    1.301
1.363    0.0996    1.306
1.37    0.1019    1.311
1.376    0.1043    1.316
1.382    0.1067    1.321
1.389    0.1092    1.326
1.395    0.1117    1.33
1.401    0.1142    1.335
1.407    0.1168    1.34
1.414    0.1194    1.345
1.42    0.122    1.35
1.426    0.1247    1.355
1.433    0.1275    1.36
1.439    0.1303    1.365
1.445    0.1331    1.37
1.451    0.1359    1.375
1.458    0.1389    1.38
1.464    0.1418    1.384
1.47    0.1448    1.389
1.477    0.1478    1.394
1.483    0.1509    1.399
1.489    0.1541    1.404
1.495    0.1572    1.409
1.502    0.1605    1.413
1.508    0.1637    1.418
1.514    0.167    1.423
1.521    0.1704    1.428
1.527    0.1738    1.432
1.533    0.1772    1.437
1.539    0.1807    1.442
1.546    0.1843    1.446
1.552    0.1878    1.451
1.558    0.1915    1.456
1.565    0.1951    1.46
1.571    0.1989    1.465
1.577    0.2026    1.47
1.583    0.2065    1.474
1.59    0.2103    1.479
1.596    0.2142    1.483
1.602    0.2182    1.488
1.608    0.2222    1.492
1.615    0.2263    1.497
1.621    0.2304    1.501
1.627    0.2345    1.505
1.634    0.2387    1.51
1.64    0.243    1.514
1.646    0.2473    1.518
1.652    0.2516    1.523
1.659    0.256    1.527
1.665    0.2605    1.531
1.671    0.265    1.535
1.678    0.2695    1.539
1.684    0.2741    1.544
1.69    0.2787    1.548
1.696    0.2834    1.552
1.703    0.2881    1.556
1.709    0.2929    1.56
1.715    0.2978    1.563
1.722    0.3026    1.567
1.728    0.3076    1.571
1.734    0.3125    1.575
1.74    0.3176    1.579
1.747    0.3226    1.582
1.753    0.3278    1.586
1.759    0.3329    1.59
1.766    0.3381    1.593
1.772    0.3434    1.597
1.778    0.3487    1.6
1.784    0.3541    1.604
1.791    0.3595    1.607
1.797    0.3649    1.61
1.803    0.3704    1.614
1.81    0.376    1.617
1.816    0.3816    1.62
1.822    0.3872    1.623
1.828    0.3929    1.626
1.835    0.3986    1.629
1.841    0.4044    1.632
1.847    0.4102    1.635
1.854    0.4161    1.638
1.86    0.422    1.64
1.866    0.4279    1.643
1.872    0.4339    1.646
1.879    0.44    1.648
1.885    0.4461    1.651
1.891    0.4522    1.653
1.898    0.4584    1.655
1.904    0.4646    1.658
1.91    0.4709    1.66
1.916    0.4772    1.662
1.923    0.4835    1.664
1.929    0.4899    1.666
1.935    0.4963    1.668
1.942    0.5028    1.67
1.948    0.5093    1.671
1.954    0.5158    1.673
1.96    0.5224    1.674
1.967    0.529    1.676
1.973    0.5357    1.677
1.979    0.5424    1.679
1.985    0.5491    1.68
1.992    0.5559    1.681
1.998    0.5627    1.682
2.004    0.5695    1.683
2.011    0.5764    1.684
2.017    0.5833    1.685
2.023    0.5903    1.685
2.029    0.5973    1.686
2.036    0.6043    1.687
2.042    0.6113    1.687
2.048    0.6184    1.687
2.055    0.6255    1.687
2.061    0.6326    1.688
2.067    0.6398    1.688
2.073    0.647    1.688
2.08    0.6542    1.687
2.086    0.6615    1.687
2.092    0.6688    1.687
2.099    0.6761    1.686
2.105    0.6834    1.686
2.111    0.6908    1.685
2.117    0.6982    1.684
2.124    0.7056    1.683
2.13    0.713    1.682
2.136    0.7204    1.681
2.143    0.7279    1.68
2.149    0.7354    1.678
2.155    0.7429    1.677
2.161    0.7505    1.675
2.168    0.758    1.674
2.174    0.7656    1.672
2.18    0.7732    1.67
2.187    0.7808    1.668
2.193    0.7884    1.666
2.199    0.7961    1.664
2.205    0.8037    1.661
2.212    0.8114    1.659
2.218    0.8191    1.656
2.224    0.8268    1.653
2.231    0.8345    1.65
2.237    0.8422    1.647
2.243    0.8499    1.644
2.249    0.8576    1.641
2.256    0.8653    1.638
2.262    0.8731    1.634
2.268    0.8808    1.631
2.275    0.8886    1.627
2.281    0.8963    1.623
2.287    0.9041    1.619
2.293    0.9119    1.615
2.3    0.9196    1.611
2.306    0.9274    1.606
2.312    0.9351    1.602
2.318    0.9429    1.597
2.325    0.9507    1.593
2.331    0.9584    1.588
2.337    0.9662    1.583
2.344    0.9739    1.578
2.35    0.9816    1.572
2.356    0.9894    1.567
2.362    0.9971    1.561
2.369    1.005    1.556
2.375    1.013    1.55
2.381    1.02    1.544
2.388    1.028    1.538
2.394    1.036    1.532
2.4    1.043    1.525
2.406    1.051    1.519
2.413    1.058    1.512
2.419    1.066    1.506
2.425    1.074    1.499
2.432    1.081    1.492
2.438    1.089    1.485
2.444    1.096    1.477
2.45    1.104    1.47
2.457    1.111    1.462
2.463    1.119    1.455
2.469    1.126    1.447
2.476    1.134    1.439
2.482    1.141    1.431
2.488    1.148    1.423
2.494    1.156    1.414
2.501    1.163    1.406
2.507    1.17    1.397
2.513    1.177    1.389
2.52    1.185    1.38
2.526    1.192    1.371
2.532    1.199    1.362
2.538    1.206    1.353
2.545    1.213    1.343
2.551    1.22    1.334
2.557    1.227    1.324
2.564    1.234    1.314
2.57    1.241    1.304
2.576    1.248    1.294
2.582    1.254    1.284
2.589    1.261    1.274
2.595    1.268    1.264
2.601    1.275    1.253
2.608    1.281    1.242
2.614    1.288    1.232
2.62    1.294    1.221
2.626    1.301    1.21
2.633    1.307    1.199
2.639    1.314    1.187
2.645    1.32    1.176
2.652    1.326    1.165
2.658    1.333    1.153
2.664    1.339    1.141
2.67    1.345    1.129
2.677    1.351    1.117
2.683    1.357    1.105
2.689    1.363    1.093
2.695    1.369    1.081
2.702    1.374    1.068
2.708    1.38    1.056
2.714    1.386    1.043
2.721    1.392    1.031
2.727    1.397    1.018
2.733    1.403    1.005
2.739    1.408    0.9917
2.746    1.413    0.9785
2.752    1.419    0.9652
2.758    1.424    0.9519
2.765    1.429    0.9384
2.771    1.434    0.9248
2.777    1.439    0.9111
2.783    1.444    0.8974
2.79    1.449    0.8835
2.796    1.454    0.8695
2.802    1.459    0.8555
2.809    1.463    0.8413
2.815    1.468    0.8271
2.821    1.473    0.8127
2.827    1.477    0.7983
2.834    1.481    0.7838
2.84    1.486    0.7692
2.846    1.49    0.7545
2.853    1.494    0.7398
2.859    1.498    0.7249
2.865    1.502    0.71
2.871    1.506    0.695
2.878    1.51    0.6799
2.884    1.514    0.6648
2.89    1.517    0.6496
2.897    1.521    0.6343
2.903    1.524    0.6189
2.909    1.528    0.6035
2.915    1.531    0.588
2.922    1.534    0.5724
2.928    1.537    0.5568
2.934    1.54    0.5411
2.941    1.543    0.5253
2.947    1.546    0.5095
2.953    1.549    0.4937
2.959    1.552    0.4777
2.966    1.554    0.4618
2.972    1.557    0.4457
2.978    1.559    0.4296
2.985    1.562    0.4135
2.991    1.564    0.3973
2.997    1.566    0.3811
3.003    1.568    0.3649
3.01    1.57    0.3486
3.016    1.572    0.3322
3.022    1.574    0.3158
3.028    1.576    0.2994
3.035    1.577    0.283
3.041    1.579    0.2665
3.047    1.58    0.25
3.054    1.582    0.2335
3.06    1.583    0.2169
3.066    1.584    0.2003
3.072    1.585    0.1837
3.079    1.586    0.1671
3.085    1.587    0.1504
3.091    1.588    0.1337
3.098    1.589    0.1171
3.104    1.589    0.1004
3.11    1.59    0.08365
3.116    1.59    0.06693
3.123    1.591    0.0502
3.129    1.591    0.03347
3.135    1.591    0.01674
3.142    1.591    -7.415e-14
3.148    1.591    -0.01674
3.154    1.591    -0.03347
3.16    1.591    -0.0502
3.167    1.59    -0.06693
3.173    1.59    -0.08365
3.179    1.589    -0.1004
3.186    1.589    -0.1171
3.192    1.588    -0.1337
3.198    1.587    -0.1504
3.204    1.586    -0.1671
3.211    1.585    -0.1837
3.217    1.584    -0.2003
3.223    1.583    -0.2169
3.23    1.582    -0.2335
3.236    1.58    -0.25
3.242    1.579    -0.2665
3.248    1.577    -0.283
3.255    1.576    -0.2994
3.261    1.574    -0.3158
3.267    1.572    -0.3322
3.274    1.57    -0.3486
3.28    1.568    -0.3649
3.286    1.566    -0.3811
3.292    1.564    -0.3973
3.299    1.562    -0.4135
3.305    1.559    -0.4296
3.311    1.557    -0.4457
3.318    1.554    -0.4618
3.324    1.552    -0.4777
3.33    1.549    -0.4937
3.336    1.546    -0.5095
3.343    1.543    -0.5253
3.349    1.54    -0.5411
3.355    1.537    -0.5568
3.362    1.534    -0.5724
3.368    1.531    -0.588
3.374    1.528    -0.6035
3.38    1.524    -0.6189
3.387    1.521    -0.6343
3.393    1.517    -0.6496
3.399    1.514    -0.6648
3.405    1.51    -0.6799
3.412    1.506    -0.695
3.418    1.502    -0.71
3.424    1.498    -0.7249
3.431    1.494    -0.7398
3.437    1.49    -0.7545
3.443    1.486    -0.7692
3.449    1.481    -0.7838
3.456    1.477    -0.7983
3.462    1.473    -0.8127
3.468    1.468    -0.8271
3.475    1.463    -0.8413
3.481    1.459    -0.8555
3.487    1.454    -0.8695
3.493    1.449    -0.8835
3.5    1.444    -0.8974
3.506    1.439    -0.9111
3.512    1.434    -0.9248
3.519    1.429    -0.9384
3.525    1.424    -0.9519
3.531    1.419    -0.9652
3.537    1.413    -0.9785
3.544    1.408    -0.9917
3.55    1.403    -1.005
3.556    1.397    -1.018
3.563    1.392    -1.031
3.569    1.386    -1.043
3.575    1.38    -1.056
3.581    1.374    -1.068
3.588    1.369    -1.081
3.594    1.363    -1.093
3.6    1.357    -1.105
3.607    1.351    -1.117
3.613    1.345    -1.129
3.619    1.339    -1.141
3.625    1.333    -1.153
3.632    1.326    -1.165
3.638    1.32    -1.176
3.644    1.314    -1.187
3.651    1.307    -1.199
3.657    1.301    -1.21
3.663    1.294    -1.221
3.669    1.288    -1.232
3.676    1.281    -1.242
3.682    1.275    -1.253
3.688    1.268    -1.264
3.695    1.261    -1.274
3.701    1.254    -1.284
3.707    1.248    -1.294
3.713    1.241    -1.304
3.72    1.234    -1.314
3.726    1.227    -1.324
3.732    1.22    -1.334
3.738    1.213    -1.343
3.745    1.206    -1.353
3.751    1.199    -1.362
3.757    1.192    -1.371
3.764    1.185    -1.38
3.77    1.177    -1.389
3.776    1.17    -1.397
3.782    1.163    -1.406
3.789    1.156    -1.414
3.795    1.148    -1.423
3.801    1.141    -1.431
3.808    1.134    -1.439
3.814    1.126    -1.447
3.82    1.119    -1.455
3.826    1.111    -1.462
3.833    1.104    -1.47
3.839    1.096    -1.477
3.845    1.089    -1.485
3.852    1.081    -1.492
3.858    1.074    -1.499
3.864    1.066    -1.506
3.87    1.058    -1.512
3.877    1.051    -1.519
3.883    1.043    -1.525
3.889    1.036    -1.532
3.896    1.028    -1.538
3.902    1.02    -1.544
3.908    1.013    -1.55
3.914    1.005    -1.556
3.921    0.9971    -1.561
3.927    0.9894    -1.567
3.933    0.9816    -1.572
3.94    0.9739    -1.578
3.946    0.9662    -1.583
3.952    0.9584    -1.588
3.958    0.9507    -1.593
3.965    0.9429    -1.597
3.971    0.9351    -1.602
3.977    0.9274    -1.606
3.984    0.9196    -1.611
3.99    0.9119    -1.615
3.996    0.9041    -1.619
