The left side is expension wave, and the right side is shock wave
The following are their properity
For shock wave, in region(3), we have Position and speed
0.2453    1.7522
For the gap we have rou*L, rou*R, u*, p* 
0.42632    0.26557    0.92745    0.30313
For expension wave, we have wave's head -0.16565, And the wave's tail -0.0098379
Position             speed             rou             p
-0.0098379    0.92745    0.42632   0.30313
-0.011396    0.91818    0.4303   0.3071
-0.012954    0.90891    0.4343   0.31111
-0.014512    0.89963    0.43834   0.31516
-0.01607    0.89036    0.44241   0.31927
-0.017629    0.88108    0.44651   0.32341
-0.019187    0.87181    0.45063   0.32761
-0.020745    0.86253    0.45479   0.33185
-0.022303    0.85326    0.45898   0.33613
-0.023861    0.84398    0.4632   0.34047
-0.025419    0.83471    0.46745   0.34485
-0.026977    0.82543    0.47173   0.34928
-0.028535    0.81616    0.47604   0.35376
-0.030094    0.80689    0.48039   0.35829
-0.031652    0.79761    0.48476   0.36286
-0.03321    0.78834    0.48917   0.36749
-0.034768    0.77906    0.49361   0.37217
-0.036326    0.76979    0.49808   0.3769
-0.037884    0.76051    0.50259   0.38168
-0.039442    0.75124    0.50713   0.38651
-0.041    0.74196    0.51169   0.39139
-0.042559    0.73269    0.5163   0.39633
-0.044117    0.72341    0.52093   0.40132
-0.045675    0.71414    0.5256   0.40637
-0.047233    0.70487    0.5303   0.41147
-0.048791    0.69559    0.53504   0.41662
-0.050349    0.68632    0.53981   0.42183
-0.051907    0.67704    0.54461   0.42709
-0.053465    0.66777    0.54945   0.43241
-0.055023    0.65849    0.55432   0.43779
-0.056582    0.64922    0.55923   0.44323
-0.05814    0.63994    0.56417   0.44872
-0.059698    0.63067    0.56915   0.45427
-0.061256    0.62139    0.57416   0.45988
-0.062814    0.61212    0.5792   0.46555
-0.064372    0.60285    0.58429   0.47128
-0.06593    0.59357    0.5894   0.47706
-0.067488    0.5843    0.59456   0.48291
-0.069047    0.57502    0.59974   0.48882
-0.070605    0.56575    0.60497   0.4948
-0.072163    0.55647    0.61023   0.50083
-0.073721    0.5472    0.61553   0.50693
-0.075279    0.53792    0.62086   0.51309
-0.076837    0.52865    0.62624   0.51932
-0.078395    0.51937    0.63165   0.52561
-0.079953    0.5101    0.63709   0.53196
-0.081512    0.50083    0.64258   0.53839
-0.08307    0.49155    0.6481   0.54487
-0.084628    0.48228    0.65366   0.55143
-0.086186    0.473    0.65925   0.55805
-0.087744    0.46373    0.66489   0.56474
-0.089302    0.45445    0.67056   0.5715
-0.09086    0.44518    0.67628   0.57833
-0.092418    0.4359    0.68203   0.58523
-0.093977    0.42663    0.68782   0.59219
-0.095535    0.41735    0.69365   0.59923
-0.097093    0.40808    0.69952   0.60634
-0.098651    0.39881    0.70543   0.61353
-0.10021    0.38953    0.71138   0.62078
-0.10177    0.38026    0.71737   0.62811
-0.10333    0.37098    0.7234   0.63552
-0.10488    0.36171    0.72947   0.64299
-0.10644    0.35243    0.73558   0.65055
-0.108    0.34316    0.74173   0.65818
-0.10956    0.33388    0.74792   0.66588
-0.11112    0.32461    0.75415   0.67367
-0.11267    0.31533    0.76043   0.68153
-0.11423    0.30606    0.76675   0.68947
-0.11579    0.29679    0.77311   0.69748
-0.11735    0.28751    0.77951   0.70558
-0.11891    0.27824    0.78595   0.71376
-0.12046    0.26896    0.79244   0.72202
-0.12202    0.25969    0.79896   0.73036
-0.12358    0.25041    0.80554   0.73879
-0.12514    0.24114    0.81215   0.74729
-0.1267    0.23186    0.81881   0.75589
-0.12826    0.22259    0.82551   0.76456
-0.12981    0.21331    0.83226   0.77332
-0.13137    0.20404    0.83905   0.78217
-0.13293    0.19477    0.84588   0.7911
-0.13449    0.18549    0.85276   0.80012
-0.13605    0.17622    0.85968   0.80923
-0.1376    0.16694    0.86665   0.81843
-0.13916    0.15767    0.87366   0.82772
-0.14072    0.14839    0.88072   0.83709
-0.14228    0.13912    0.88782   0.84656
-0.14384    0.12984    0.89497   0.85612
-0.14539    0.12057    0.90217   0.86577
-0.14695    0.11129    0.90941   0.87552
-0.14851    0.10202    0.9167   0.88536
-0.15007    0.092745    0.92404   0.89529
-0.15163    0.083471    0.93142   0.90532
-0.15319    0.074196    0.93885   0.91544
-0.15474    0.064922    0.94632   0.92567
-0.1563    0.055647    0.95385   0.93599
-0.15786    0.046373    0.96142   0.9464
-0.15942    0.037098    0.96904   0.95692
-0.16098    0.027824    0.9767   0.96754
-0.16253    0.018549    0.98442   0.97826
-0.16409    0.0092745    0.99219   0.98908
